993
1435
1483
2434
3174
3811
3876
4619
4772
5035
4512
4853
5246
5181
5390
4836
5314
5436
5612
5498
5095
4361
4550
3814
3413
3704
3922
3431
3838
4226
4902
5075
4632
5088
4739
5218
4550
5005
4930
4779
4588
4958
5666
5966
6766
6259
6486
5729
5870
5704
5328
5277
5202
4662
4057
4615
4766
5035
5217
5262
5565
5720
5182
5441
5925
5761
5303
5389
5099
5004
4686
4657
5280
5056
4910
4338
5274
5032
4939
5585
5989
6248
5624
6210
5955
5973
5439
5321
4770
4628
4413
3693
3440
2539
2142
2630
2377
2984
2986
2607
2628
2640
3202
4067
4003
4285
5030
4983
5168
5199
4984
4785
4333
3605
4263
4220
3331
3391
3622
3684
3945
4223
4509
4982
4667
3903
4719
4330
4237
4807
5080
5275
4959
5226
5141
5788
5379
5752
5698
5720
5069
5215
5591
5180
4953
4815
4404
3928
4030
4001
4624
4804
4436
4702
5543
5396
5961
5848
5823
5545
5447
4750
4734
4759
4285
4392
4611
5052
5240
5277
4940
5186
5177
4561
4785
5135
4377
4131
4072
3572
3679
3388
3364
3940
3356
2672
3292
3276
3284
4050
4670
4760
5626
5485
5716
5970
5509
5738
5922
4957
4296
5125
4407
4637
5146
5551
5877
5550
5346
5881
5845
5108
5552
5163
4834
3984
4236
4473
4626
4261
4319
4126
3594
3906
4191
5087
5021
4762
4379
4446
5100
5237
5326
5130
5320
4399
3912
3962
4649
5074
4623
5008
5169
5023
4788
4807
5470
5578
5423
5426
5106
4900
5480
5846
5201
5240
4570
4829
4364
3805
3998
3911
3298
3365
3525
4317
4904
4728
4526
5339
5644
6229
6570
6088
6110
5814
5580
6016
6856
6220
6515
6306
6145
5944
5784
5994
6114
5728
4876
4999
4347
4514
4400
4363
4397
4378
3904
4304
4605
4288
4735
4726
4708
5326
5875
5727
6417
6159
6675
6853
6659
6617
6579
6398
5968
5648
5220
4969
4252
4542
4241
3763
4130
4080
4097
4383
4261
4064
4716
4976
4763
5019
4416
4444
4374
3857
3634
3539
3495
3424
3961
3525
4176
3732
3722
3978
4390
4696
4256
4034
3490
4093
4167
4329
4395
5020
5094
4900
4813
4428
5089
4709
4154
3853
4389
3470
3763
4177
4599
4553
4660
5055
5223
5754
5090
5328
5122
5256
4674
4591
3933
3335
3221
3001
3195
3639
3295
3482
3761
4361
5145
5578
5657
5623
6060
6090
5776
4984
5107
5304
5293
4965
4882
5033
4996
4239
4697
5149
5142
4770
4348
4595
4566
4619
4378
4617
4964
4660
5068
4890
4676
4994
4708
4303
4805
5504
5240
5946
5198
5475
5418
4693
5268
5813
5640
5110
4729
4560
5233
5443
5540
6005
6181
6356
5780
5538
5467
5118
5055
4362
4187
3929
3912
3602
4094
3935
3977
4387
3764
4479
4811
5464
5560
5482
5545
6015
6516
6329
6714
6918
6956
6781
6790
6827
6749
6695
6532
6243
6577
5672
5147
4785
4658
4460
4691
4452
4091
4714
4638
4868
5288
5595
4867
4623
4075
4331
4723
4330
3986
4368
4861
4655
5297
5791
5431
5114
5270
5389
5528
5242
4321
4351
4188
4356
5172
5581
5220
4683
4197
4224
4762
5028
5416
4819
4008
3792
3499
3843
4676
4752
4911
4465
4193
4311
4956
5483
6195
6661
6506
6500
6779
7259
7389
7658
7321
7352
7225
6513
6032
5644
5414
5075
5240
5302
5717
5213
5477
5613
6136
6578
6739
6869
6641
6529
5915
5995
5738
6172
5430
5606
5033
5203
4936
4623
4604
4940
5058
4834
5395
5089
4841
4388
4571
5310
5931
5259
5051
4664
4939
5053
5471
5719
5545
5644
5453
6050
5908
6080
5888
6275
5778
5782
5450
5205
4784
4310
4687
5099
5244
4691
4816
5048
5095
5201
5341
5286
5203
5344
5164
5625
5960
5243
5881
5699
5752
6347
5654
4773
4126
3975
3616
4006
3772
3172
3253
3127
3981
4437
5207
4651
5012
4841
4349
4466
4656
4876
4190
4563
3961
4830
4530
4513
5018
5813
5470
4715
4718
4168
4602
4225
4636
4654
5069
4612
4964
5575
6074
6684
6422
6529
6150
6212
5256
5010
4730
4872
4865
3910
3965
4122
4466
4918
5674
5676
5756
5793
5770
5958
5850
5555
5749
5520
5145
5816
6310
5878
5714
5611
5406
4834
4691
4210
4134
3574
3563
3352
3781
4439
4732
5393
5584
5581
6201
6502
6391
6748
6016
6061
6119
6308
6136
6466
5810
5444
5621
5936
5999
6030
5676
5643
5878
5916
6564
6681
6385
6114
6628
5984
6144
5678
5484
5028
4436
4827
4957
4884
4663
4548
5102
5734
5135
5110
5105
4424
3719
4058
4308
4933
4122
3204
3598
4120
4063
4246
4228
3838
4021
3782
4206
4648
4361
3834
4381
4624
5081
4674
3893
4255
3916
3606
3505
3631
3614
3647
3167
3278
3174
3271
3112
3424
3403
3942
3223
3143
3550
3277
4079
4165
4405
4808
4946
4859
5697
5289
5833
6194
5767
5059
5755
5759
6071
5493
5299
5265
5107
5181
4721
5361
4836
3926
3478
4046
3538
3736
3226
3000
3701
2864
2678
3465
3941
3787
4140
4162
3985
4621
4206
4119
4523
4264
4426
4305
3982
3815
4347
4093
4391
4932
4539
4041
3504
3265
3717
4605
4330
4445
3996
3812
3911
4027
4792
5512
5270
4439
4131
4354
4459
5041
4747
4613
4668
4381
4710
4813
5592
4803
4993
4396
4939
5039
4607
4350
4327
4710
3915
4553
4790
5356
5534
6257
5892
6407
6276
5842
6300
5856
6129
5220
4967
4378
4299
3593
3722
4238
4679
4474
4441
4483
4807
5260
6091
6190
6100
5633
5413
5517
5022
5135
4931
4878
4654
4768
5084
5216
5133
5559
5334
5341
5414
5110
4475
4938
4781
4637
4299
4542
5227
5440
5355
5769
6076
5683
5278
5764
6035
5392
4650
5266
5154
4964
5205
5595
5379
5492
5042
5468
6327
5630
5964
6175
6491
6500
6760
6890
7076
7176
6494
6867
6211
5505
5302
5171
5160
5111
5105
4932
4899
4385
5083
5891
5504
5561
5317
5028
5383
5760
6385
7120
6733
6216
6176
6025
6534
5908
6223
5497
5519
5576
5311
5020
5444
5190
5183
5250
5201
5321
4830
4110
4072
4365
3859
3734
3032
3285
2875
2537
2113
2792
2986
3527
3391
3701
4449
5073
5034
5152
5311
5077
5461
4637
4969
5464
5104
4214
4553
4479
4691
4465
3862
4389
4690
4067
4098
4121
4009
4453
4291
4388
5134
5365
5177
5229
4825
4923
5099
5528
5900
5507
4994
5009
5316
5284
5316
5472
5466
5251
5117
5724
6159
5799
5800
6290
6911
7105
6771
6765
6668
5952
5683
5985
5515
4919
4949
5147
5150
4851
4556
4830
4266
3765
3733
4124
4272
3816
3421
3656
4583
5089
6036
6192
6013
5863
5353
5728
6402
6068
5857
5917
5255
5335
5837
5834
6121
5570
5084
5016
4320
3998
3773
3258
3293
2906
3085
3207
3159
3506
3896
4245
4294
5233
4700
5192
4623
4484
4618
4766
4575
4174
4934
4843
5302
5417
5787
6225
6584
6228
6198
6079
5543
4716
4964
4320
4526
4781
4022
4474
4952
5302
5410
5672
5198
5950
6124
5612
6420
6277
5728
5457
5864
5984
6403
5653
5359
5359
5112
4913
5001
4672
4044
4241
4171
4123
3537
3816
3498
3868
4113
4348
4665
4265
4000
4627
5151
5550
6140
6089
5959
6040
6401
6571
6361
6504
6680
6666
5840
5757
5985
5615
5171
5034
5100
4683
4191
3512
3784
3946
3887
4573
4249
4150
4684
4597
5082
5245
5311
4387
4481
3966
4240
4743
4689
5238
4803
4417
4200
4999
5030
5451
5660
5461
5101
5095
5246
5379
6027
5913
5590
5055
4555
4659
5041
4719
5123
5119
4431
4044
4513
5341
5263
5407
5291
5711
5512
6116
6493
6851
6134
5499
6257
6528
6181
5375
4779
4846
4621
4598
4805
4485
4396
4372
4232
5124
5619
5737
5540
5791
5600
6349
5926
5574
5924
5808
5668
4898
5484
4683
4673
4226
4032
3601
3534
3387
3292
3853
4113
4693
5554
6082
6651
6485
6913
6478
7075
7298
7282
6833
6439
5896
5399
5451
4941
5061
4986
4331
4355
5089
5262
5696
6062
6906
6885
6810
6023
6389
5495
4685
4474
3828
3663
3001
2686
3227
3515
3129
3879
3914
4243
4424
4192
4837
5047
4539
4335
4458
3827
4648
4490
5214
5300
4925
5569
5738
5934
6494
6555
5663
5684
4727
4840
4460
3927
3824
3581
3599
3394
3371
3204
3391
3911
4491
4445
4649
4612
4478
5356
5433
5338
5270
5402
4954
5563
5141
5139
4475
4010
3859
3701
4343
3836
4273
4099
4450
4649
4619
5018
5949
6298
6500
6423
6215
6360
6012
6530
7070
6869
6413
6689
6444
6221
5767
4942
5073
4744
4821
4633
5073
4651
4658
5074
5256
5914
5651
5883
5880
5459
4805
4660
4138
4359
4214
3617
4318
4212
3467
3842
3688
4270
4357
4398
4860
4748
4922
4438
4611
4743
5257
4740
5058
4403
4143
4995
4173
4949
5440
5129
5222
5761
5541
5624
5933
5455
5589
5289
4798
4841
4614
4588
4354
4338
4449
4734
5307
5508
6009
6463
6380
5456
5313
6015
6146
6083
5433
4927
4878
4472
4661
5562
5549
5343
5235
4769
5073
5091
4852
4620
4845
4139
4201
3510
3564
4233
4690
5119
5077
5206
4939
4898
5575
5868
5494
5074
4384
4286
4494
5063
4816
5394
5503
6106
6538
6899
6704
6440
5990
5747
6425
6008
5227
4527
4476
3674
4136
4354
4385
4681
4582
5131
5746
6167
5938
6475
6882
6553
7210
7061
6889
6799
6905
6749
6478
6110
5642
6229
5773
5591
5846
5327
4800
4834
4604
5172
5609
4916
4953
5015
4547
5011
4936
4485
4613
3936
3204
3415
3430
3619
3691
3265
3131
3622
3877
3892
4523
4165
4505
4050
4317
4459
4667
4534
4402
5129
4479
5326
5314
5774
5798
6283
6435
6463
6306
6172
6703
5910
5815
6001
6129
6026
6043
6410
6426
6555
6649
7352
6717
6097
5695
5213
5100
4554
4604
3931
4033
3650
4186
4055
3623
3710
3479
3687
3495
3630
3717
4101
3810
4111
4497
4262
4484
4285
5089
5593
4770
4324
4980
5160
5135
4990
5613
6075
5723
5172
5681
6061
6130
5894
5841
6311
6044
5331
5131
5525
5375
5007
4170
4546
4224
3882
3484
3505
3719
4052
3796
3581
4424
4417
5247
5576
5599
6488
6759
6669
6563
6864
6164
6013
5446
4997
5344
5299
4966
4934
5772
6153
6148
6354
6075
6903
7067
7112
7179
6692
5708
5741
5873
5499
6136
6150
5412
4537
4480
5105
5099
5034
4804
5286
5233
5087
5541
5796
6069
5828
5872
5927
5825
4900
4879
4159
4503
4715
4742
4150
4602
4084
4191
4726
4723
4770
4654
4498
4464
5187
4778
5276
5996
6330
6403
6456
5834
6353
5738
5055
5878
5883
5441
5475
4868
5080
5137
4820
5076
5804
5049
4423
4575
4278
4159
4699
5245
5381
5631
5018
5838
5977
5357
5009
5621
5266
4596
4310
4442
4435
3875
3972
4572
4366
4661
4732
5219
5701
5022
5383
5547
5927
6059
6603
5892
5457
4922
4066
4074
4387
4034
3959
3734
4085
4709
5452
6372
6534
6606
5977
6566
6424
6797
5994
6119
5212
4902
5370
5637
6050
5694
5419
5288
5766
5715
6289
6334
5647
5747
5942
6386
6251
6013
5599
4819
4347
3759
4072
3645
3594
3089
3504
3126
3441
4270
4314
5100
5485
5969
5340
4991
4635
5423
5597
4932
4880
4180
3661
3620
3523
3644
3662
2847
2796
2940
3419
3811
4205
4346
4849
4736
5415
5374
4951
4919
4858
4909
4661
4407
3735
4059
3952
4477
5176
4872
4684
4414
4978
4700
5461
5426
5237
5620
4977
5634
5791
5496
4826
5348
5089
5187
4646
4134
4157
3992
3957
4076
4187
4471
4186
4207
4454
4876
4622
4397
3977
4181
4589
3975
4047
3881
4346
4088
4983
5052
5829
5713
5753
5472
5622
6018
5886
6012
5360
5489
5089
5383
4825
5315
4952
4869
4447
4347
4501
3957
3884
3913
4373
4177
4668
4380
4151
3770
3499
4163
4624
4214
4166
3947
4312
4777
5034
5069
5623
5123
4824
5413
5414
6021
5573
5004
5158
5151
4537
4698
4407
4452
3866
3746
3768
4197
3922
3936
4124
4358
4879
4279
4349
4680
4256
4317
4747
5165
5815
5442
4746
5183
5699
5281
6028
5873
5491
5567
4659
5321
5683
5368
5131
5313
4686
4520
4591
4538
4693
4539
4523
4455
4061
4195
4912
5248
5043
5221
5646
5415
5184
5203
5769
5337
4490
4518
5102
4648
4869
5170
5687
5695
5409
5823
6394
6452
6171
5879
5208
5240
5252
5645
5782
5662
5935
5490
5289
5974
6346
6377
6173
6168
5998
6157
5243
5563
6142
6108
6490
5814
5566
5809
5568
5676
6376
6055
6036
5882
5704
5951
5755
5095
5455
5146
4849
4898
4370
3757
3008
3129
4057
4510
4783
4721
4369
4886
4921
5237
5520
5134
4864
5050
5198
4970
5695
5449
5604
6064
6476
6309
6456
5999
5651
5671
5067
4406
3991
3807
3383
4350
3680
4002
3688
4032
4093
4553
5234
5076
5631
4810
4732
4615
5063
4580
4568
4939
4768
4600
3977
4653
5262
4862
4738
5087
5769
5045
5327
5542
5857
5179
4967
5280
5191
4935
4350
4519
4317
4255
4491
4571
4645
4471
4222
4041
4207
4303
3763
3968
3624
3431
3489
4002
4505
5261
5724
5370
5353
5239
5364
5921
5754
4988
4902
4110
3157
3889
3911
4063
4136
3964
3601
4063
3602
3784
3993
4196
4420
3887
4223
4099
4978
4610
5485
5193
5310
5273
5321
5937
5543
5771
5053
5661
4937
5510
5730
5265
5294
4835
4904
4475
4287
4268
4501
4049
4410
4070
4105
3952
3674
4395
5298
4914
4727
5061
4929
5083
4915
5098
5543
5067
4580
4406
4214
4299
3893
3734
3670
4182
3800
3476
3033
3102
3621
3749
3986
4534
4817
4538
4622
4733
5145
5202
4738
4605
4745
4426
4354
4135
4060
4155
4203
4327
4530
4534
4318
4765
5307
5837
5557
5489
5712
5815
5857
5388
5667
4980
4300
3816
4280
4980
5230
5536
5630
5947
5254
5745
6219
6553
6536
5828
5594
5256
4745
4753
5589
5507
4969
4546
4172
4985
4799
4404
5045
5431
5366
5097
5111
5640
5776
5421
5580
5812
5733
5241
4672
5116
5365
5352
5328
4819
4668
4857
4420
4491
4360
4500
4276
3744
3881
4290
3977
3828
4607
4443
5244
5234
5643
5614
5992
5961
6179
6200
5406
5658
4715
4156
4237
4162
4059
4399
4566
4531
5225
5716
6222
6441
6241
6928
7141
7297
6874
6853
7023
6124
5715
5728
5307
4446
4023
3423
3759
3375
2569
3438
4142
3969
4621
4926
5358
5033
4556
5111
4952
4917
4691
4437
4639
5132
4463
5082
5327
5463
5931
5105
4547
5393
4754
4521
5102
5335
5501
5338
5660
6174
7003
6656
7185
7245
6922
6283
6658
6450
5653
5896
5223
4963
4379
4316
4071
4799
4297
4674
5456
5192
5208
5134
5763
5218
5631
5553
6159
5490
5703
5478
5789
6142
5546
5678
5647
4853
4204
4870
4329
4503
4928
5321
5249
5105
4589
5077
5725
5678
5309
4938
4425
3475
3941
4013
3999
3874
3523
3366
3823
4593
4385
4922
4799
5561
6190
6676
6832
6532
6626
6258
6365
5808
6182
5487
5583
5158
4903
5507
5628
5583
5563
6420
5616
5424
4581
4995
5350
5235
5172
5050
5065
5014
5164
5352
5357
4700
3957
3377
3511
3312
3084
2600
2635
3386
3311
3934
3868
4562
4055
4790
5566
5465
5971
5327
5687
5655
5652
4822
4651
4184
3399
3817
3838
4357
4102
4095
4948
5452
5634
6029
6722
6950
6781
6085
6446
6380
5630
6107
6482
6097
6211
5433
5404
6130
6471
5698
6329
5669
5541
5154
4861
5212
4688
3969
3624
4184
4140
4207
4601
5380
5467
5848
6164
6932
6955
6442
6557
7032
6186
6145
6142
6194
6211
5601
5227
5694
5799
5458
5525
5153
4740
4769
5180
5565
6269
5957
5963
5620
5558
5743
6169
5506
5354
4923
4922
5198
4785
5186
5333
5150
5191
5487
5208
5394
4929
4636
4505
4422
4337
4524
4110
4370
4112
4064
4509
4603
4285
3988
4342
4022
3818
3494
4068
4486
3771
4309
4412
4439
4439
4792
5167
4680
4170
4183
4374
3724
3813
4358
4760
4287
4507
5075
5775
5271
5586
6178
6245
5475
5081
5070
4719
4939
4054
4051
3836
3870
4357
4935
5351
6043
6627
6769
7574
8164
8134
7413
7359
7498
6787
6085
6025
5405
5532
4731
5094
5044
4985
5197
5818
5904
5404
5288
4647
5233
4635
4962
4952
4619
4304
4374
4612
4474
4593
4081
4403
4645
4855
4420
4545
4505
3874
4613
5001
5356
5163
5400
4824
4668
4554
5104
5161
4730
3900
3419
4166
3593
4220
4472
4597
4150
4706
4674
4945
5713
5212
5786
5782
5527
4964
4643
4439
4616
4804
4306
4307
3836
3502
4378
5099
5272
5636
5660
6179
6035
5775
6157
5775
5603
5545
6258
5655
5828
5335
5225
5400
4785
5344
4758
4628
4591
4812
4207
3943
4240
3926
4736
4275
4516
4752
4268
4615
4792
5182
5735
6536
6000
6262
5926
5229
5694
5708
5566
5296
5164
4642
5034
4930
5406
5632
5091
4329
5177
4976
4323
4207
3463
3442
3633
3645
3807
4643
3795
4097
4579
4575
5252
5387
4897
5400
5431
4822
5420
5865
5951
6232
5980
5516
6016
5741
5517
5915
5539
4753
4529
4418
4067
4545
4602
4130
4684
4641
4337
4498
4104
3952
4736
4393
4335
5011
4214
4243
4689
5408
5527
5626
5637
5655
5612
5497
6296
6604
6482
5730
5684
6212
5521
6029
6199
5660
4815
4816
4641
4875
5361
5299
5655
4976
4356
4567
4808
4582
4416
4661
5014
4416
3852
4540
4972
4815
5464
4926
4901
4431
3618
4181
4750
3905
3315
3308
3213
3436
3534
3761
4172
4295
3820
3992
4823
4702
4086
4405
5052
4936
5066
4943
5450
5469
5256
5672
5838
5739
5345
5006
4557
4058
3430
3745
3158
3302
3500
3716
3976
4818
5423
5401
5613
5745
5754
6034
6233
5625
5165
4855
4215
4291
5003
5102
5904
5522
4804
4625
4524
3972
4345
4295
4288
4343
3567
3694
3883
4631
5516
6148
5975
6047
5831
5585
6390
6039
6593
5918
5300
4709
5137
5489
5303
5127
4726
4969
4672
4613
5232
5804
5210
5300
5485
5951
6051
6019
6023
6175
6053
6339
6192
6252
6245
5759
5976
6157
6189
6176
6042
5918
5905
5463
5420
5470
5451
4683
4295
4249
4441
3768
4163
3868
3639
3849
3061
3422
4022
4450
4130
4190
4015
3908
4016
4264
5092
5546
5668
5347
5406
5495
5219
5351
5037
4843
4544
4664
4497
4895
4795
4566
5393
5580
5533
5304
5696
5505
5161
4689
4651
4970
4338
4616
4750
4705
4015
3711
3716
4325
4524
4726
4953
4506
4491
4678
4896
5387
5955
5866
5451
4925
5442
5572
5319
5171
5657
4755
4801
4807
4861
5018
4363
4161
4239
4728
4307
4790
4546
4136
4727
5160
5620
6511
6641
6679
6661
6483
5833
5864
5602
5649
5602
5499
6048
5628
5848
6471
6414
6642
6574
6571
6795
6592
6498
6678
6376
6188
6761
6492
6319
6616
6412
6157
6216
6222
5913
5486
5892
5792
6239
6127
6219
6116
6167
6430
6288
6082
5677
6053
5645
5102
4589
5126
4731
4600
5271
5789
6199
6434
6430
6905
6648
5813
5940
6057
5421
5363
4401
4418
4586
3898
4080
4604
4612
4263
4437
4018
4338
4293
3827
4244
4417
4574
4800
5011
5153
5699
5926
5280
5742
5840
6037
5826
5154
5003
5601
5682
5173
5586
5282
4749
5092
5436
5993
5414
5387
5100
5596
6025
5972
6074
5152
4821
4859
4963
4781
4553
4047
3163
2949
3617
3899
3729
3757
3704
3159
3170
4091
4644
5060
4588
4349
4912
4254
4263
4408
4438
3998
4141
4178
4019
4439
3774
4415
5030
5139
5424
5424
5476
5737
6217
6077
6130
6238
5500
5704
5077
4972
4837
4820
4340
4861
4695
4092
4864
5119
6063
6270
5804
5817
6265
6180
6649
6418
5991
5766
5372
4784
4786
4149
4213
3883
3949
4444
4197
4189
3636
3720
3510
4342
4385
4271
3923
3683
4495
3936
4317
4724
5095
5115
4540
4891
4847
5570
4869
5436
5761
5222
5175
4738
4803
4143
4790
4486
4647
4500
4608
5556
5484
5699
6309
6248
6177
6012
6474
6540
6336
6259
6592
6266
5824
6340
5748
5716
5726
5377
4837
4508
4587
4353
4802
4652
4737
4299
3667
3738
4478
4108
4165
4547
4583
4702
4681
5570
5469
6073
5470
6066
5872
5582
4909
4477
5016
4216
4966
4651
4999
4952
4631
4531
4904
5764
4971
5362
5228
5553
5293
4928
5419
5926
5721
5731
5811
5526
4894
4399
4908
5431
5624
5763
5430
4592
4820
5349
5577
5843
5439
4749
4476
3650
4510
5374
5639
5235
5121
5105
5123
5884
5905
6270
5879
5580
5515
6111
5966
5943
6309
6007
5727
5520
5291
5249
5334
5006
5025
4890
4299
3904
3809
3747
4040
3554
3590
3645
3873
3435
4155
4846
4881
4781
5019
5529
4983
5028
5491
5623
5475
4539
4924
5054
5164
5288
5492
5543
5051
5635
5713
5865
5246
5756
4926
4631
4307
4377
4107
4050
3217
3586
4297
3811
3813
3686
3737
2921
2978
3119
3346
3008
2890
3436
3495
3937
4763
4946
5696
5128
5351
5296
5495
5191
5841
5810
5521
5421
5325
5680
5450
5706
5148
5007
4826
4076
3799
3985
3281
2664
2856
3118
3286
3610
3424
3562
4131
4331
5083
5346
5120
5187
5330
5335
5339
5360
5305
5178
4451
4850
5574
5413
5571
5311
5787
5756
5283
5847
6432
6037
5698
6099
6046
6544
5874
5748
5801
5235
4885
5521
5183
4415
4458
3720
4017
4210
4320
4133
4131
3796
4264
4591
4125
5014
4480
4813
4855
5564
5793
5644
5610
5841
6212
5971
6597
6167
6192
5372
4958
5095
5146
4972
4681
4594
4016
4857
4286
4895
5658
5736
5053
4933
4800
4416
4695
4472
5390
5065
5076
4878
5816
6163
6780
7294
7224
7282
6867
6747
5963
5555
4721
4810
4167
4236
3979
3841
4009
4605
5444
5834
5754
5270
6008
5832
6715
6702
6918
7026
6096
6106
6868
7204
6763
6556
6229
6470
5546
4899
5223
4825
4455
4313
3850
4160
3603
3564
4218
4069
4028
4207
4363
3761
4640
4625
5464
5566
5629
6457
6883
6635
6733
7535
6943
6505
6142
6062
6319
5806
5362
6215
6480
6565
6581
6675
6730
5898
5285
5249
5364
5303
5286
4528
4892
4677
4811
5454
5843
6023
5903
6047
5551
6326
6048
6174
6216
5954
5291
4790
5272
4918
4775
4731
4617
4922
4773
4947
4927
5317
5162
4685
4504
4204
4513
4034
4327
4059
3988
3784
3671
4310
4965
4732
4082
4331
3885
3961
4650
4565
4751
4861
4610
4365
4755
4705
5130
5670
5928
6696
6120
6104
5637
6360
6929
7420
6930
6265
5455
5243
5831
5340
6250
5765
4912
4692
4639
4435
5040
5001
4418
4825
4491
4388
5011
4488
4887
5349
4882
4787
5310
5094
5110
4920
4629
4650
4219
3774
3522
3085
3316
2907
2916
2948
3502
3663
3769
4110
4633
4656
4633
5415
5546
6127
5205
5571
5279
5297
5370
5743
5021
4673
4492
4634
5551
5894
6257
6801
6481
6323
7163
6918
6557
6297
5567
5272
5655
4839
5102
4869
4684
4943
5368
5090
5391
4702
4031
4113
4276
4489
4493
4671
4516
4802
5128
5476
5825
6107
6123
6541
6649
5951
5421
4889
4991
5097
5287
4930
5121
4986
4609
5399
6240
6781
6182
6475
6224
6258
5389
5071
5076
4614
3995
4205
3955
3451
3647
3757
4311
4068
3914
4159
4919
4495
4744
4758
4186
4059
3875
4529
4587
4612
4224
4839
4889
4897
5546
6063
6022
5823
5854
5593
5277
4764
4868
4989
5131
4433
4227
3773
3951
4494
4324
4736
4344
4501
3738
3887
4537
4759
4468
3594
4461
4609
5331
4946
5550
5924
5551
5431
5378
5868
4882
4690
4014
4252
4255
3876
3945
4013
3958
4200
4858
4568
5140
4902
4512
5026
5361
5547
5420
4617
4674
4437
4227
4435
4326
3823
3064
2670
3543
3949
3800
4324
4753
4606
4641
4553
5266
5883
5523
5915
6034
5885
4904
5054
5436
6308
6392
6340
6698
6381
6364
6070
6102
6125
5698
4970
4078
4187
4077
3898
3625
3724
4106
4069
4110
4568
4888
4269
3611
3279
3764
4193
3880
3650
4093
3511
3461
3978
3850
4167
4123
3427
4316
4736
4115
4751
5053
5058
5786
5734
5123
5694
5370
5360
6008
5502
5561
5353
5107
5500
5834
5598
5178
5298
4905
5222
5515
5439
4919
5154
5444
5779
5642
5162
5209
5399
4901
4929
4878
4107
3284
2503
2721
2860
3070
2730
3280
3353
3557
4232
5125
5113
5200
5693
5168
5063
4511
4313
4985
4846
4734
5404
4985
4829
5543
5813
5425
5897
5356
4753
4641
4368
5010
4381
4362
4342
4590
4393
4769
5522
5658
5483
5371
6296
6132
5852
5848
5590
5480
4851
4267
4248
3724
2867
2950
3274
3206
2927
3195
3192
3190
3221
3372
3762
3148
3564
3527
3655
3235
3392
3428
3644
3636
3503
4145
3964
3799
4237
4577
4747
4672
4656
5394
6021
5446
5283
5840
5752
5866
5829
6255
5980
5503
4701
5116
5098
4559
4490
3893
3862
3450
3480
3108
3519
3474
3246
3485
3098
3227
3121
3283
3593
4032
4079
3700
3481
3322
3690
3809
3774
4369
4002
4377
4696
4739
4733
5581
5413
5472
5851
5607
6259
5959
5592
6253
6525
6442
6287
6244
5740
5873
5692
5358
5703
5777
6109
6036
6337
6007
6600
5785
5705
5584
5593
5547
5112
4423
4243
4390
3896
4728
4813
5271
4619
4611
4290
4204
4788
5371
5582
5632
5330
5489
6018
5915
5936
6378
6489
6154
6422
5533
6053
5715
5751
5232
5286
4975
4175
3704
3293
3523
2819
2476
2545
2573
3101
3452
3479
4144
4563
4893
5630
5809
5804
6208
6404
6664
6623
5931
5386
5552
5100
5229
4660
4478
4288
3872
4337
4665
4728
4501
4457
4676
4434
4717
4545
4282
4287
4083
4175
4138
3878
3384
3359
3258
3435
3693
3350
3427
3128
3178
3321
3447
3414
3749
3821
4300
4622
4750
5351
5027
5587
5418
6178
5814
5917
5563
5062
4777
4188
4929
4226
4654
4327
3822
3582
4007
4189
4907
5111
4332
4298
4023
3607
3865
4264
3608
4064
3742
4180
4280
4645
4726
5404
5203
4307
4241
4350
4717
4906
5297
5124
5603
5706
5726
5673
6086
5846
5329
5336
5649
5398
5324
5432
5663
5996
5751
6000
5849
5690
5688
6604
6290
5992
6463
6888
7095
6546
6778
6997
6738
6640
6443
6153
5546
4795
4622
4516
4646
3956
3595
3368
4188
4274
4193
4644
4614
4557
4316
4990
5399
5344
4488
5012
5379
5623
5908
6576
6579
5761
5544
5017
5435
5176
4912
4334
4419
4309
4643
5400
5360
5879
5573
5117
5452
6112
5872
5876
5910
5369
5640
5808
5695
5680
5878
5721
5834
5738
5049
5329
4757
4237
4552
4867
4101
3530
3176
2814
3300
2822
3140
3270
3118
2622
3507
3662
3917
4134
4235
4337
3822
3548
3376
4146
4166
4126
4231
4541
4659
5005
5433
6248
6621
5975
5629
6299
6464
6649
6799
6664
6306
5423
5449
5439
5308
4586
4675
4295
4261
3946
4176
4428
4859
5496
5419
5747
5424
5373
4988
5640
5671
6002
5174
4756
4811
4932
5091
4725
5015
4398
4149
3952
4535
4863
5075
4922
4667
4963
4837
4755
5196
5542
5565
5374
5101
5310
5431
5818
5762
6635
6780
6220
6404
6614
6695
6430
6697
6261
5720
5581
5851
5838
5325
5378
4989
5327
4753
5207
5330
4558
3710
3844
3656
3814
3866
3949
3963
3902
4077
4012
4314
4572
5017
4679
4866
4322
4507
4470
4444
4928
5078
5237
5336
5549
5732
6221
6512
6676
6394
6083
6193
5742
5178
4652
4639
4400
3693
3094
3533
3975
3485
3860
4596
4823
5264
4765
4939
5302
4872
4250
4901
4393
4339
4214
4110
4775
5247
5228
6007
6236
5891
5746
5488
5433
5067
5065
5121
4668
4772
5359
5027
5148
4849
5127
5253
4735
4470
4734
3868
3620
3470
4153
4063
4312
4132
4505
4889
4634
4668
4873
5690
4880
4884
4818
4860
5269
4521
4349
4840
4847
4254
4354
4521
4680
4506
3623
4399
4618
4349
3861
4602
5151
4867
3961
4462
4495
4584
5225
5696
6167
5368
5570
6260
6470
6449
7168
7043
6965
6610
6398
6730
6180
5541
5963
5712
5291
5278
4696
4792
4868
4951
5516
6103
6255
6585
6463
5843
5723
6011
5801
5628
5541
5028
4767
4751
5117
5460
6032
5189
5052
5246
4659
5171
4670
4586
4162
4174
4004
4046
4600
4739
5029
4397
5121
5244
5183
4994
5107
5721
5347
4650
4912
5076
4619
4555
4612
5064
5204
5071
5491
6387
5693
6043
5725
4939
4913
4956
5081
4635
4242
3417
4119
3557
4356
4803
5022
4961
4559
4716
4468
4916
5010
5706
4892
4984
5537
5557
5998
5896
5888
5853
5180
5230
5419
5028
4600
4545
4229
4531
4982
4891
5682
4997
5647
5479
5656
5548
5334
4996
5285
5665
5612
6284
6073
6790
6498
5985
5926
6442
5759
5480
5213
5130
5282
4931
5015
5470
6131
5606
5700
5682
5433
5176
5027
4635
4869
5115
4564
5122
5428
5800
6137
6295
6092
6921
7186
6848
7222
7078
6465
6486
6692
6670
7079
6970
6245
5938
5535
5150
5499
4940
4035
4435
3637
3403
3699
3725
3518
4093
4357
4357
4892
4867
5222
4899
5274
5402
6021
6051
5810
5959
5904
5099
4953
5077
4696
5172
4466
3841
3543
3951
3763
4126
3937
3833
4193
3576
4131
4746
4951
4498
4749
4363
5246
5563
5225
5397
5032
4329
4211
4179
4354
5214
4980
5044
5220
5169
5575
6025
6275
6501
6482
6163
6383
6565
6320
6691
6174
6355
6490
5839
5526
5823
5857
5932
6104
5665
6013
6021
5484
5590
5667
5611
5062
4744
4945
5458
5517
4926
5598
6034
5929
5825
5730
5833
5041
4328
4336
4546
3820
4258
4623
4500
5056
4900
4834
5228
5099
5489
6451
5996
5608
4935
4077
4096
4713
4611
4992
4980
4270
4199
4548
4946
5269
5752
5520
5885
5572
5820
6032
5645
5837
6296
6220
5270
5093
4638
4193
4050
4328
4304
3710
3056
3682
4044
3857
4393
4553
4574
4309
4771
4986
5085
4618
5058
5343
5436
5850
5232
4756
5175
4868
5450
5906
5705
5966
5196
5068
5208
5693
4811
5194
4465
3998
3786
3433
4069
4210
4892
5094
5183
4972
4953
5096
5433
5868
5171
5143
4520
4785
5014
5282
5180
5197
5249
5151
5541
5278
5029
4140
4362
4535
5138
4725
4896
4559
4914
5200
5640
5889
5879
5075
4491
5249
4889
5442
4883
4667
4463
4673
4839
5355
5420
4705
4130
3536
4076
3913
4173
4178
3697
3622
4378
4804
5235
5337
4562
4626
4023
3848
3667
3567
2825
2810
3151
3802
4623
4715
5590
5669
6131
6111
6791
6636
6614
6285
6114
5843
5205
5228
5417
5823
5492
5099
4333
4105
3726
3793
3975
4036
3412
2821
3216
4004
4199
4147
4762
5222
5554
5116
5239
5972
5951
5855
6337
6695
6006
5619
5475
5828
6143
5830
5100
4485
4402
4453
4543
4822
4553
4998
5230
4976
5487
5891
5451
5124
5562
5813
6318
5812
5550
5958
5504
5393
6130
5827
5544
5023
4848
5125
5356
4642
5134
4903
4179
4818
5298
5102
4552
4451
3726
4005
3964
4153
4060
4209
3612
3667
3708
4057
4943
5612
5805
5801
5744
5264
5401
5868
6407
6447
5813
4913
4969
5261
6226
6706
6831
6870
7012
6166
6858
7170
6792
6806
6077
5641
5583
5509
5189
5211
4563
4454
4683
4254
4325
4480
4550
3935
4064
4457
5094
5271
5195
5658
6315
6205
6294
6668
6086
5720
4918
4682
4528
4017
3800
3828
3217
2972
3653
3821
3928
4466
4857
5187
5236
5559
6016
6337
6237
6840
6749
6254
5814
5576
4771
4140
3572
3551
3367
3073
3815
4150
4597
4710
4965
4888
5657
5756
5597
5195
4944
4993
4885
4882
5461
6105
5591
5764
5651
6182
6146
6006
6095
6265
5971
5346
5442
5550
5876
5479
5334
5637
5563
5884
5557
6210
6587
6491
6235
5994
6056
5363
4795
4763
4548
3993
3717
3391
3973
4557
4941
4861
5117
5137
5430
5598
5439
5275
5149
5174
4900
5620
5394
5340
5795
5410
6074
5977
5758
5200
5490
4866
5292
4560
4761
4790
4708
4694
4259
4685
4583
5153
5065
5526
4990
5349
4988
5090
5485
5832
5413
5045
5239
4885
4569
4766
5086
5472
5986
5885
5635
5548
5510
5839
5794
5931
5613
5850
5689
5153
5800
6037
5424
5610
6440
6522
6313
5550
5585
6099
6115
6301
6796
6797
6764
6568
7020
7737
7451
7312
7358
7264
7253
6942
6600
6041
6117
6259
5733
5195
4484
4277
3868
4362
3938
4308
3885
2986
3530
4144
4824
4957
5005
5040
5908
5687
6179
6975
6958
7070
6309
6278
6243
6105
5292
5170
4464
3829
3416
2914
3298
3557
3640
3739
4455
4694
4731
4590
4627
4793
5083
4828
5040
4971
4907
5331
5158
5623
6320
6724
6944
7180
6978
6127
5486
4798
5555
5327
4898
4270
4160
3484
3983
4303
5102
5204
5191
5728
5300
5255
4440
5017
4545
4438
4023
4540
4041
3694
4135
4843
4833
4760
4705
4626
4587
4481
4622
4168
3921
3019
3189
3430
4016
4483
4699
4313
4685
5019
5402
6065
6753
6536
5966
5909
5437
6171
5565
5792
5935
5385
4957
4394
4845
4618
4768
4610
5373
5448
5352
5227
5680
5893
5288
5211
5464
5568
5130
4517
3986
4733
3798
3590
3453
3212
2629
2072
2260
2932
3208
2536
3098
3678
4189
4363
5279
5776
5479
5323
5464
5775
5723
5857
5982
6000
5059
4710
5014
5165
5442
5940
6135
5717
5389
5925
6680
7170
6927
7172
6909
6198
6279
6449
6655
6083
6214
5723
5545
4926
5357
5724
5334
5227
4863
5321
4606
4250
4388
4690
4388
4284
3906
4048
4372
3806
3927
4453
4141
4235
3655
3375
3390
3091
3540
3996
4523
4646
5053
4597
5331
5959
6509
6498
6501
6262
5941
5593
5542
5907
5598
5609
5735
5818
5149
5089
4708
4448
4087
3979
4281
3951
3823
4255
4382
4860
5133
5821
6128
5770
5232
5668
5685
5652
5603
5524
5559
5586
6046
6432
6664
6439
5836
6038
6582
6258
6349
5603
5564
5755
5294
5369
5868
5654
5514
5310
5105
5067
4476
4463
4706
4029
3662
3689
3097
3468
3358
3343
3409
2986
2822
2854
3000
2666
2979
3138
3815
4304
4682
4345
4712
4551
4642
4499
4695
5016
4858
5055
5161
5672
5184
5578
5498
5386
5022
4699
3973
3461
3247
2901
3062
2763
3225
3401
3863
3601
4049
4483
4244
4689
5471
6200
6200
6091
6154
5999
6096
5399
5332
5244
4847
4488
3946
4109
3503
3752
4114
4212
4575
4765
4973
4513
4341
4080
4547
4516
3736
4409
4121
4134
4172
4541
4680
5503
5268
5510
5586
5744
6107
6106
5587
5722
5887
5911
5733
5722
5622
5513
4830
4471
4457
4569
4837
4869
4779
4166
4228
4038
4340
4083
4007
4324
3907
3251
3593
4226
4748
4736
4475
4424
4818
4530
4397
4449
4347
4537
4620
4446
4940
4901
5175
4699
4766
5383
5130
4734
4156
4435
4612
5075
4977
5087
5711
5594
5512
5767
5857
5973
6020
5991
5849
5569
5685
5137
5961
5883
5915
5654
4878
5237
5334
5978
6064
6037
5641
5706
6176
5654
5793
5846
5662
5769
5487
5554
5381
4859
4834
5240
5189
4423
3963
3772
3297
3247
3738
4400
3926
3526
3656
4015
4165
4435
5060
4913
4126
3598
3863
4589
4744
4979
5517
4884
4877
4935
5258
5273
4909
4724
4851
4559
4639
4457
3939
4667
4699
5313
5262
5008
5302
4928
4398
4492
4700
4078
3684
3654
4213
4501
4176
4365
4909
5382
5202
5759
6483
5823
5915
5930
6283
6353
5515
5766
5758
4962
4512
4400
3919
3595
2973
3455
4416
4094
4680
4685
4727
5318
5200
5461
5233
5306
4720
4203
3827
4085
4516
3787
4195
4001
4060
3804
4093
4766
5129
5771
5902
6229
6033
6358
6583
6642
6349
6547
6074
5780
5722
6275
6095
5671
5389
5132
5081
5015
5059
4574
4148
3821
4442
4997
5093
5625
5530
4779
4348
4638
4988
5014
4622
4481
4906
4935
5669
5810
5838
5935
5198
5379
5728
5941
5663
5447
5124
5717
6491
6631
6971
6481
6475
6222
6678
6670
6177
5780
5791
5912
6283
6928
6229
6308
6019
5999
6671
7149
7125
6404
6386
6113
6231
6432
6145
6338
6041
5200
4712
4722
4416
4231
4292
3800
3947
3163
3416
3651
3753
4476
4267
4013
4568
4171
4436
4893
4956
4997
5366
4900
5654
5544
5531
6309
5901
5812
5915
6018
5589
5383
5279
5765
5076
4694
5432
5569
5429
5127
5748
6037
6103
6340
7001
6997
6788
6848
6620
6783
5892
5589
5113
5218
4861
5041
4784
4818
4751
4599
4645
4859
4986
5021
4729
4188
4749
4817
4888
5558
5553
5689
5685
5434
6126
6305
6232
6078
6002
5255
5387
4907
4515
4037
4082
4093
3641
3437
3291
3481
3436
3465
3928
4341
4402
4335
4464
4042
4066
3913
3989
4293
3874
3968
3439
3391
3584
4503
4283
4662
5019
4928
5102
5173
4888
4945
4599
3940
3886
3686
3842
4254
4019
3608
4175
4180
3991
4331
4440
5042
4714
4582
4730
4915
4429
4413
4826
4835
5282
4816
4609
4895
4725
4195
4207
4393
3974
4067
3661
3949
4043
3700
4087
4109
4574
4871
5416
5182
5332
5075
5457
5333
5782
5979
5726
5373
4870
4885
5363
5356
5592
5900
5073
5152
4714
4515
5234
5325
4623
4627
3939
3820
3723
4018
4520
5164
4496
4911
5640
6021
5924
5430
6324
6452
5954
5188
5038
4781
4470
4408
4952
5435
5421
5054
5045
5180
5686
5784
5210
5009
5196
5093
4310
4339
4345
4414
3732
3887
4601
4920
4679
4344
4355
4549
5200
5031
5196
4312
4093
3769
3719
3808
3823
3755
3187
3790
4342
4913
4411
4024
3624
4031
4383
4757
4932
4669
4829
4342
4989
5316
5497
5239
5227
4899
5243
5526
5392
5641
5574
5514
5681
6293
5963
6169
6267
5632
5368
5841
5816
5703
5417
4868
5427
5001
4635
4765
4589
4031
4372
4565
4515
4551
4035
4305
4530
4878
5176
4942
4224
3821
4273
3903
4567
4338
4687
4415
4225
4128
4236
4890
4720
5586
5390
5358
5048
5050
4966
5813
5706
5437
5440
5429
5289
5697
5570
5348
5559
4886
5406
5861
5414
4462
4506
3968
3750
4392
4620
5186
4525
3918
4195
4835
4859
5456
6122
5839
5286
4846
5353
5589
5443
5556
5242
4812
4000
3828
4128
4694
5057
4705
4789
4102
3845
4266
4193
4218
3737
2965
2848
2977
2701
3189
3790
3540
4304
4513
5368
5844
5533
5945
6359
6188
5639
5168
4904
4504
4511
4913
4387
4325
4274
4208
4330
4672
4986
5831
5001
4921
5485
4927
5003
5050
5204
5657
4897
4941
5560
4988
4915
5285
5279
5402
5007
4358
4660
4336
3986
4044
4352
4602
5061
4833
5695
5553
5588
5177
5341
5108
5094
4492
3751
4371
4028
3965
3832
4049
4373
4804
4022
4040
4365
4136
3902
4766
4941
4815
4318
4433
4882
5163
5098
5068
5418
4925
5385
5090
5076
4674
5099
5352
5672
5674
5217
5110
5145
5288
5353
5107
4380
3851
4028
4097
4142
4426
3674
4286
4454
4942
5012
5285
4811
5060
5813
5465
5454
5450
4942
4506
5006
4834
5183
4489
3573
3403
4066
4056
4450
4348
4342
4802
4903
5510
5685
5640
5399
5510
5995
6747
6240
6324
6101
5841
5714
5669
6017
6115
5987
5561
5755
5487
5530
4936
5212
5524
4741
3810
3203
3194
3471
3499
3442
4148
4477
4423
4454
4852
4754
4444
4731
4732
4513
4670
4065
4651
5155
5463
5754
6596
6532
6698
6322
5530
5807
5711
5073
4369
4002
3292
2836
2117
2575
3494
3273
3450
3782
4629
5377
5990
5762
5974
5586
4699
4993
4910
4977
4291
3936
3910
4317
4775
4746
5358
5219
4770
4277
4308
4418
3777
3655
3243
4003
3480
3238
3258
3848
3730
3314
3565
3430
3735
3176
3061
3511
3136
2642
2549
2588
2694
2472
2544
2597
2827
3044
3316
3736
3730
3926
3903
4072
3522
4062
4343
3791
3791
3343
3921
3992
4512
4680
5224
4811
5084
5146
5540
5481
5138
5043
4462
4654
4778
4842
3989
4311
3921
4464
4307
4209
4329
4410
4117
3600
4558
4449
4443
4510
4982
5465
5095
4386
4348
4871
4813
4764
5310
5446
5654
5597
5611
6487
6951
6508
6404
6410
6156
6301
5601
5270
5869
5922
5207
5274
5308
5738
6056
6026
6402
6978
6614
6611
6694
6591
6120
6247
5607
5583
5569
5621
5700
5079
5021
5753
6249
6143
6151
5757
5621
4753
5279
5263
6020
5617
5006
5073
5487
5475
5606
5803
4836
5269
5247
5653
5410
4934
4766
4919
4833
5143
5976
5284
4589
3985
4442
4879
4754
4942
4915
4414
3949
4601
4711
5295
5136
4805
5268
4958
5031
5354
5060
4565
4579
3821
3628
3887
3376
3879
3927
3787
4582
4461
4284
5104
5429
4871
5319
4353
4491
4310
3684
4524
4599
4114
4140
4134
3819
4514
4090
4766
4878
4542
4415
4749
4746
4896
4874
5144
5115
4832
5370
5272
5693
5177
4741
4656
4580
3783
4234
3816
3219
3318
2760
3347
3738
4380
4812
5531
5109
5778
6117
5861
6510
5760
6196
5519
4840
4403
4286
3723
4015
4385
4199
4786
4397
4277
5081
5580
5814
5727
5107
4682
4360
3807
3843
3777
3678
3052
3576
4173
4483
4342
5103
5872
5705
6303
6395
6812
6722
6406
6045
6427
6384
6233
6179
5802
5192
5166
5225
5522
5855
5396
5500
5204
5908
6364
6569
6089
5510
4980
5322
6009
5078
4896
4873
4910
4504
4981
5712
6265
6128
6109
6209
6243
5335
5001
5473
5298
4847
4189
3475
3068
3220
3283
3573
3784
3177
3100
3308
3311
3597
3934
4548
4632
5261
5373
6214
6563
6456
6502
7099
6915
6710
6973
6135
5416
4995
4595
4753
5544
4798
4952
5154
5015
5673
6459
6184
6707
6221
6299
6167
6377
5659
5777
5579
4917
4856
4672
5391
5033
5189
5107
5166
4691
4325
4850
5581
5009
4824
5012
4890
4302
4555
5083
5184
5331
5269
5926
5408
5273
5184
5213
5633
5342
5537
4730
4856
4989
5068
4623
5511
6280
6238
6487
6416
7230
6953
6671
7332
7491
7520
6755
6073
5580
5201
4603
4616
4021
3660
3911
3036
3368
3713
3637
3676
3718
3291
3988
3788
4128
4525
4069
4393
4408
5177
5728
6276
6192
6586
6111
5672
6415
5909
6577
5933
5081
4378
4074
4087
4541
4904
4567
5095
4378
4318
4536
5247
5510
4764
4726
4784
4964
4912
5808
6161
6348
6356
6168
6177
6108
5949
5841
5533
5489
5667
6203
6085
5876
6527
6672
7106
7166
7540
6667
6936
6831
6944
7468
7446
6875
6336
5912
5950
6866
6106
5816
5687
5576
5047
4861
5391
6046
5591
5022
4864
4345
4222
4263
4407
4986
4332
4123
4053
4603
4855
5651
5242
4814
5413
5437
5413
5717
5674
4827
5052
4388
4543
5103
4856
4558
5507
5091
5038
5850
5480
5355
5876
5779
5385
5017
4835
4830
5192
4713
4608
4922
4975
4408
4387
4916
4186
3739
3366
3799
4247
4194
3920
3731
3551
3025
3051
2993
2853
2244
1942
2418
2112
2109
2128
2524
2922
3135
3695
3743
4099
4145
4078
4760
5330
5703
5659
5737
5215
5849
6238
5769
6369
6105
5949
5516
5256
5113
5731
4899
4748
5222
5233
5590
5565
5140
5802
5810
5618
5995
5889
5454
4687
4116
3784
4499
4054
4453
4114
4340
3976
3572
4236
4451
4843
4942
4915
4842
4753
4739
4470
5163
5435
5425
5457
5165
4954
4892
4795
4756
5542
5091
4129
4084
4281
4286
4727
4810
4876
4867
4105
4396
4424
4138
3572
3866
3726
3237
3567
3278
3775
3286
3995
4151
4899
4565
4606
4684
4843
5448
5625
5747
5530
5952
5350
5407
5534
5659
5878
5332
5395
5893
5850
5223
5822
5817
5622
6073
5267
4905
4731
4981
4711
4753
3833
3713
3846
3203
4099
4928
4926
4182
4328
5129
5762
6001
5789
6529
6488
6239
5679
6334
6708
6784
6544
6048
6609
6171
6188
6487
7064
6937
6375
5973
6377
6767
6655
7281
6789
6388
5801
5139
5192
4837
4885
4831
4072
3641
4107
3615
4423
4906
4815
5602
5316
5491
5530
5715
4929
5645
4931
4406
4295
3812
4128
3725
3847
4040
4452
4285
4466
4650
5594
5768
5695
6257
6719
6136
5811
5765
6029
6324
5916
5837
5724
5813
5325
5226
5908
6269
6490
6758
7011
6443
6416
5640
6097
6208
5822
5741
4968
4297
4039
4829
4552
4791
4133
4016
4016
3431
3537
3802
4060
3483
3987
4238
4661
4888
5247
5590
6041
5727
5251
5356
5383
5058
5621
5725
5471
5312
5197
5900
6326
6461
6135
6158
6100
6268
5660
5935
6074
6190
6198
6094
5894
6395
6225
6375
7230
7346
7014
6296
5540
5515
5503
5356
5563
5170
4771
4334
4412
5238
5635
5624
5190
5085
4494
4256
3933
3971
3930
2978
2916
3263
4081
3951
4513
4642
5451
5327
5813
5841
5866
5870
5443
5132
4727
4775
3937
4461
4508
4492
4245
3575
3280
3107
3474
3131
3117
2480
2492
3421
3445
3468
3884
4558
4093
4175
4247
4172
3662
3464
4106
4306
4188
4055
4315
4405
4221
4230
4078
4267
3757
3923
3889
3878
4170
4474
4499
4884
4867
4601
4994
5253
5338
5056
4379
4553
5219
4766
5432
4844
4922
4452
4156
4164
4429
4282
3861
4441
4160
4508
3975
4520
4673
5286
5450
5537
5665
5760
5480
5961
6442
6269
6895
6318
5780
5315
5463
5559
5710
5544
5820
5466
5502
5824
5916
6456
6360
5664
6072
6158
5673
6332
5679
5076
5284
5420
5918
5817
5562
5358
4970
4627
4725
4731
4688
4373
3603
3719
3115
3092
3279
3049
3453
3564
3271
3409
3487
3849
3847
3953
4592
4858
4200
4500
5197
4860
5469
5855
6077
6038
5147
5189
5514
5952
5267
5685
5413
5270
5325
4640
4873
5166
5319
5344
5782
5803
5747
5645
6214
6824
6805
6485
6195
5935
5684
5499
5545
4923
4522
4013
4326
4106
4468
3844
4045
3684
3948
4250
4085
4223
3669
3499
3626
4440
4349
4220
4258
4557
5151
5479
6310
6182
5366
5103
5128
5489
4839
4529
3695
3458
2787
2872
3777
3931
4140
4140
4510
4893
5013
5396
5524
5523
5514
5036
4405
4652
4663
4539
4443
4435
4210
4723
3973
4394
4324
4039
3801
3421
4091
3932
4849
4707
4583
3931
4730
4595
5062
5682
5921
5543
5252
5190
5674
6243
6313
6317
5623
5259
5119
5694
5908
5796
5286
4954
4211
4084
4443
4178
4165
4141
4134
4117
4936
4943
5729
6046
6043
6809
6500
5936
5347
5717
5377
5231
4829
4499
4451
4137
4275
4752
4694
4595
4515
4678
4559
4914
5161
4604
4672
4252
4858
4489
5007
5098
4986
5155
4995
5830
5708
5815
5013
5661
5097
4947
5212
4772
4837
4779
4453
4556
5181
4943
4836
5284
4766
4797
4546
4078
4443
4210
3650
3018
3375
3101
3638
3760
4204
4135
4387
4931
5604
5928
5548
5965
5934
6118
5907
6570
5708
5248
4959
5424
5509
5659
5664
5975
6239
5323
5293
5114
5220
5143
4926
4308
3820
3727
3254
3779
4190
4674
4059
3474
3711
4333
4435
4358
4747
4231
4711
4709
5404
5856
6180
5267
5858
5763
5810
6301
6283
6687
6795
6524
5966
6679
6011
5804
5579
5666
4790
4155
3618
3632
4220
3616
3822
4335
4633
4398
5377
5092
5819
5617
5481
5757
6028
5512
4914
4636
4357
4653
3781
4343
3893
3848
3785
3933
4558
4961
4547
4654
4989
4679
5089
4754
5156
4544
4489
4307
4026
4070
3668
4020
4154
4116
4023
4852
4406
4559
4926
4883
5789
5151
5157
5307
4743
4498
4206
4167
3923
4382
4336
4620
4125
4889
4875
4319
4384
4334
4735
4242
4101
4630
4760
3919
4101
4924
5086
4808
4813
4417
4262
3738
4326
5013
5429
4958
5396
5780
5866
6070
6030
6047
5517
5550
5446
5440
5142
5544
5413
5398
5265
5025
5395
5414
5611
5554
5055
4493
4258
4322
4327
4314
4368
3914
3538
3894
4180
3851
3910
3659
4095
4712
4167
4333
4352
4610
4341
4694
5089
5861
5367
4598
4537
4971
4427
4197
4868
4497
4583
4326
4419
5092
4932
4812
4856
5023
4435
5237
5149
5104
4691
4796
5201
4867
5505
5080
5599
4995
5127
4766
5470
4721
4567
4851
4957
4797
5060
5627
5635
5809
5504
5844
6294
6016
5404
5924
5442
5323
4841
4952
4706
4690
4477
4435
5078
5164
4876
4630
4661
4892
5142
5722
6044
5836
5868
5569
5576
6121
6625
6226
6284
6256
5969
6285
6224
6055
6480
5659
5330
5946
5621
5250
4811
4695
4554
4790
4522
4435
4710
4126
4649
4560
5350
5235
5315
4901
5151
5885
5898
6563
6669
6819
6382
6406
6382
6818
6977
6413
6429
5971
5919
5341
5790
6290
5838
5862
5902
5964
5363
5253
4556
5372
4988
4974
4732
4858
4951
4969
5322
5221
5163
4830
4790
4797
5057
4805
4136
4221
3994
4479
4927
5404
5694
5495
6025
6334
7142
7713
7825
7301
7082
6272
5957
5937
5556
5259
4994
4549
4871
5263
5664
6146
5883
5965
6446
6816
6810
6570
6230
5996
5781
5824
6214
5860
5791
4839
5122
5087
4857
5015
5242
5225
5273
5352
5468
6331
6010
6255
6348
6200
6058
6164
5873
6262
5853
5379
4872
4815
5279
5723
5495
4864
5202
4821
4938
5499
5660
5417
4792
4017
4704
5528
5065
4689
4170
4028
3955
4052
4376
5211
5106
4291
4248
5094
5132
4373
4760
4666
4341
4324
3741
3999
4733
4499
4383
4329
4186
4028
4017
3447
3406
3450
3220
3450
4025
4282
4418
4464
4305
4525
4714
5107
5304
4690
4293
4873
4576
5012
5547
5420
5944
6006
5912
5900
5754
5796
6456
5983
5715
5372
4708
4467
3705
3814
4104
3510
2568
3389
3550
3566
3526
3518
4282
4541
4194
4270
4526
4565
4244
4954
5461
5432
5244
4794
4821
4684
4477
4401
4346
3823
3514
3518
3030
3685
3627
4387
4997
4267
5099
5508
5682
5127
5941
5669
6525
5641
5033
5300
5376
5474
5208
5938
5473
5676
5800
6506
7280
7011
6574
6405
6199
5409
5874
5622
5607
4995
4493
4749
4986
5075
5761
6612
5710
5159
4416
5120
5334
5534
4961
4283
3806
3373
4307
4889
4932
4347
4460
4874
4934
5505
5772
5880
5176
5043
5039
4896
4888
4533
4581
4872
4938
4854
5608
5463
5988
6071
6222
6045
5756
5539
5339
5625
4832
5050
5114
5496
5637
5441
5468
5626
5474
5614
6283
5917
5493
5164
4661
5315
5885
5255
5606
5173
4435
4743
5241
5048
5265
4670
4923
4745
4095
4459
4559
4549
3838
4687
4424
4971
4956
5505
5622
5729
5917
5840
6522
5594
5580
5312
4557
4658
5138
4973
4837
4849
4143
4533
4412
4481
4818
4930
4304
3702
3718
3493
3746
3463
3622
3360
3140
3208
3873
4557
5062
5755
5557
5944
6045
6630
6956
6252
5620
5758
5369
4681
4842
4446
4095
4014
3679
4372
5034
4729
4896
4955
4550
5393
5589
5319
5222
5259
5508
5756
5335
5791
6056
5377
5892
5537
5721
4998
4135
3744
4505
4224
4415
4318
4208
4341
4167
4255
4145
3848
3031
3135
3550
4109
4013
4425
4949
4807
4939
4919
5113
4790
4613
4080
4171
3866
3553
3587
3818
3912
4231
4579
4418
4853
4095
3780
3610
4188
4686
5344
4741
5095
4724
4718
4887
5578
5779
5379
5138
4306
4709
4047
4341
4320
4591
4073
4429
4122
4138
4830
4767
4663
5075
5059
5562
5765
5762
6552
6686
6045
6201
6575
5712
5732
4770
4830
4127
3677
3386
4057
3807
4112
4176
4085
4223
3990
4111
4084
4140
3983
3914
3316
3626
3534
3807
3948
4631
5273
5149
4520
5015
5354
5093
5089
5515
5264
5153
4755
4834
5062
5119
5372
5379
5193
5072
5536
5228
5415
5874
5755
5971
5460
5551
6217
5822
5512
5649
5011
4450
4311
3906
3990
4633
4507
5165
4847
4945
5561
6051
6059
5948
5894
5594
4862
4061
4731
4596
3869
3511
4122
4639
4858
4481
5014
5639
5301
5179
5718
6141
5897
5782
5928
6438
6527
5990
5986
5602
5168
4912
4760
4491
4111
3618
3173
3494
3935
4513
4556
4145
4577
4607
4439
5124
5033
4976
4437
4705
5335
5607
5777
5633
5670
5033
4885
5073
5583
5468
5609
5767
5608
5424
6048
6736
7291
7263
6466
5961
5109
4410
4072
4408
4101
3844
3845
3214
4040
4124
4068
4309
4919
4952
5436
5641
5232
5710
5003
5260
6114
6035
5762
5569
5462
5015
4865
4451
5266
4893
4658
4830
5102
4678
4707
4600
5395
5966
5603
5946
6202
6834
6796
7243
6583
6745
6307
5951
6053
6066
5878
5481
4534
4478
5092
5294
5178
5609
5769
5364
5153
5192
5464
5732
4999
4665
4797
4326
4182
4659
4529
4862
5359
4689
5201
5284
5835
6424
6158
6027
5684
5109
5114
5738
5694
5469
4790
3888
3842
4265
5095
4742
4849
4956
4742
4560
5082
5419
5856
5887
5731
6468
5814
5143
4847
5681
5063
5663
5340
4683
4072
3673
3604
3974
4641
4643
5030
5086
5146
5186
5994
5926
6206
6487
6309
5824
6052
5722
5312
5706
4904
5528
5748
5949
6122
6689
6080
6234
6454
6343
6652
5736
5757
5507
5658
5202
5351
4903
5485
5431
5303
6284
6487
6788
5998
6038
5815
6260
6143
6299
6443
6070
5967
5156
6013
6025
6786
6669
6568
6265
5947
5470
5635
6148
6054
6150
5916
5445
4851
4618
5427
6167
5498
5218
4893
4441
4080
4051
4806
5497
4675
3868
3750
4247
3888
3929
3960
4204
4124
3497
4169
4524
5125
4951
5064
5446
5540
5868
5989
5902
6093
6476
6491
6206
6745
6275
6609
6146
6163
6965
6284
5845
5949
5706
4986
4904
5171
5588
5244
5051
5518
5419
4866
5395
5325
5371
5308
4594
4488
4142
3556
3393
3975
4239
4806
5073
4239
4997
5027
5458
6011
6103
5929
5043
5328
5394
5705
5850
6144
5454
4943
5575
5829
6310
5655
5355
5017
4772
4735
5352
5191
4713
3990
4114
4436
4321
4373
4272
3762
3065
3178
3439
4110
3963
3409
3898
4753
4460
4599
5361
5494
4940
4537
4442
4772
4577
3622
4090
4261
3712
3429
3433
3525
3653
3548
3879
3954
4076
4208
4187
4932
4933
5098
4851
5260
4657
4883
4683
4116
3984
3306
4231
4260
4009
3900
3863
3854
3633
4410
4530
5114
4730
4738
5621
5137
5140
5720
6103
5165
5761
5205
4697
4837
4527
5076
5338
4617
4486
4638
3841
4527
4520
3599
3906
4064
4529
5349
5222
5605
6386
6038
6590
7533
7149
6400
6221
5485
5091
5289
4917
4982
4464
3778
4173
5109
4856
5587
6165
5798
5408
5223
5246
4944
4813
4778
5140
4736
4048
4031
4787
4907
5523
5683
5272
4732
4176
3992
4734
5193
4452
4985
4568
5350
4921
4842
5038
5428
5547
4915
5415
5341
5641
5503
5715
6051
5780
5490
4685
5197
5221
4961
4998
4496
5188
4782
5603
5986
5968
5636
5963
5392
5199
5218
4584
5024
4375
4149
4928
4680
4483
5347
5198
5083
5318
5445
5766
5454
5508
6339
6207
5302
5117
5698
5788
5457
5148
4842
3931
3434
2996
3854
4260
3607
3816
3490
3624
4141
4816
5049
5820
5682
5780
6282
5631
6438
6769
6994
6935
6674
6261
6298
6376
6234
6454
5582
4872
4262
4037
4472
3922
4013
3426
3798
3473
4207
4845
5610
6083
5722
6358
5895
5886
5857
6008
5445
4898
4293
4165
4242
4070
4309
4563
4085
4820
5374
6062
5835
5141
5282
5707
5870
5481
6070
5879
5276
5273
5643
6110
5646
5682
5829
5879
5403
5527
6328
6343
5974
6163
6123
6050
5735
6292
5849
5070
4308
4296
4403
4217
4348
4013
3964
4097
4863
5013
5726
5710
6001
6151
5865
5373
4905
4505
4198
3951
3028
3110
2866
2637
3182
3428
3924
3925
3926
4774
5042
5060
5393
5626
5888
6535
6229
6030
6430
6257
6279
6271
5784
5772
4935
4844
4595
4458
4533
4620
4985
4744
5110
5053
5794
5290
5956
6918
6798
6062
5817
5374
5154
5089
5233
5308
4647
4479
4362
4597
4665
5360
5602
5344
5232
5355
5516
5564
5489
6179
6658
6408
6208
6206
6269
6291
6928
6553
6735
6739
6585
6095
6286
6765
6704
7006
6973
7493
6809
6549
5763
6534
6874
6300
5487
5102
4468
3837
4344
4488
5228
5001
4681
5462
6007
6152
5956
6550
6035
5552
5285
4711
4999
4662
4546
4144
5134
4927
5308
5779
5410
5630
5611
5131
4858
5472
4512
3999
4001
3219
3203
3008
3136
3526
3438
3570
4032
4009
4348
4892
5021
5764
5047
5384
6186
5973
6149
6652
6366
6606
7278
6604
6604
5763
5476
5149
4759
4476
4240
4283
4279
4433
4402
4944
5050
4763
5448
5838
5601
4845
4728
5366
5459
5184
4535
4477
4493
3964
4644
4624
3934
3475
3755
4353
4673
5474
5353
5891
5186
5395
5823
5684
5518
5100
5108
5169
5084
4842
5752
6316
6193
6057
5899
6162
6546
6331
5906
5555
4869
4817
5267
5934
6047
5683
5880
5939
5942
5863
6228
5929
5710
5597
6194
6658
6336
6023
6209
7022
7063
7456
7107
6502
6035
5559
5814
5935
5687
5368
5460
4936
4801
5007
4635
4944
5013
4516
5173
4898
4394
4164
4132
4534
4818
4669
3774
4428
3922
3859
3565
4277
4211
3861
4386
4374
5176
4963
4631
5128
5263
5040
5245
5044
5118
4865
4797
5177
5528
4732
5019
4529
4335
4785
4340
4251
4126
3333
3012
3376
3675
3910
4066
4081
3819
3648
3304
3663
3588
3839
4034
3905
4099
3798
3743
4391
4151
3955
4227
4396
3948
4601
4660
4785
4811
4768
5348
5345
5758
5415
5806
5763
5613
5581
6261
6237
5747
6467
5920
6056
5401
4615
4613
4366
4364
4021
4792
4538
4423
4099
4395
4496
4438
4336
3952
4166
4083
4076
4531
4918
4947
5167
5303
5359
5566
5721
5847
5409
5396
5609
5608
5699
6127
6663
6473
6467
6449
6856
6430
5637
5476
5823
5256
4736
4408
4565
3805
3315
4105
4041
4445
4030
4480
4592
5110
5141
5916
6075
5684
6367
5724
6162
6112
6457
6740
6240
5673
5967
5899
5862
6663
6273
5983
5832
4915
4954
5369
4985
5528
5747
4850
5028
5390
5152
5671
5372
5377
5719
5080
5192
5926
5298
5287
5004
4548
5150
5120
5034
5222
5085
4989
5748
5074
5627
6104
5478
4709
4347
4484
4551
3985
3913
4629
4682
4381
5297
5325
5281
4742
4116
4355
4309
4210
3641
3751
2875
2811
2704
3099
2845
2984
3206
3393
4306
4773
5448
6100
6644
6491
6722
6297
6283
5447
4680
3865
3186
2790
2462
2868
2719
3190
3088
3237
3392
4101
4492
4468
4565
4761
5532
5518
5176
5180
4867
4192
3975
3926
4204
3590
3471
3466
3479
3533
4139
4189
3998
4444
4278
4877
4464
4089
4070
3881
4003
4562
4921
5152
4946
4363
4135
4086
3742
4254
4209
4120
4621
3911
4458
4563
4999
5363
5724
5794
6058
5529
5124
5146
5206
5070
4620
4354
4414
4492
4304
4822
4960
5100
4870
5267
5342
5387
5742
5970
5829
5400
5239
5126
5505
5285
5778
6435
6297
5383
5238
5694
5651
5583
5216
5022
4987
4258
4363
5186
5012
5096
5647
6043
5677
5936
5974
6443
6557
6041
6081
6031
5289
5580
5789
5868
5999
5934
5719
5667
5303
4877
5080
4423
3954
3383
3137
3490
3406
4086
4445
4445
4182
4886
5534
5624
5703
5096
5161
4868
4920
4826
5411
4869
5100
5499
5435
5445
5212
5215
5738
6346
5968
5682
5779
6033
6273
6093
6526
6817
6003
5576
5659
6591
5756
5173
5041
5788
5463
5003
5317
5876
5821
5635
6479
6414
5917
5257
5378
5256
5082
5076
5091
4354
3539
3485
3802
4328
3902
3736
4090
3640
4017
4493
5223
5575
5370
5434
5629
5444
5459
5362
5116
4992
4270
4461
4188
4294
4380
4431
4184
4536
4594
4243
4314
4269
5138
4487
4209
4551
4695
4754
4275
4400
4962
5153
4272
4602
4570
4421
4805
4787
5079
5007
4760
4930
5181
4954
5591
5628
5365
5401
5193
5677
5918
5356
5181
5632
4883
5286
5382
5190
5385
5126
5064
4778
5617
4981
5636
4957
4693
4478
4349
4625
4413
5229
4749
4609
4784
5196
5424
5529
5862
6070
6172
5215
5500
5772
5589
5359
5196
5038
5177
4440
4594
4659
4464
4716
4613
5070
5436
6090
5574
5760
5787
5816
5636
5608
5076
4840
4259
3785
3613
3651
3087
3935
3615
3555
4262
4209
4360
4358
4416
4733
4991
4786
4802
4351
4273
4222
3930
3801
3755
3701
3258
2687
2771
2903
2866
2988
3132
2896
3123
2811
3053
