993
442
48
951
740
637
65
743
153
263
470
783
441
886
949
83
543
865
329
149
67
49
630
150
548
374
761
374
736
537
743
222
187
606
199
853
93
829
661
386
552
592
895
906
999
346
320
72
802
220
176
541
820
366
394
904
471
341
984
265
479
696
282
625
878
740
13
427
694
170
161
667
905
401
732
168
949
185
601
816
565
926
281
987
477
186
415
67
50
674
350
206
28
86
80
674
162
674
52
295
371
218
590
951
16
956
907
627
237
326
156
19
138
223
674
913
18
687
468
388
417
297
424
696
359
149
834
298
375
958
690
492
108
963
274
796
425
671
321
980
39
638
484
552
47
658
14
195
423
951
662
818
116
818
888
511
579
82
398
673
564
121
100
843
414
618
798
523
586
710
227
367
91
227
638
968
40
277
527
210
334
76
67
803
54
284
660
261
535
976
954
166
933
662
285
538
199
490
719
11
293
995
215
892
794
943
525
163
515
546
257
258
659
503
465
93
777
400
668
181
315
65
127
815
750
989
711
141
285
248
969
202
216
619
940
68
224
191
972
673
518
587
377
473
705
87
887
299
817
676
198
381
957
839
60
126
217
558
352
117
391
294
344
906
220
918
804
382
150
930
696
879
685
424
242
622
570
818
990
294
991
670
524
223
82
832
690
432
138
417
339
837
410
186
116
813
216
832
439
100
786
828
392
804
665
665
906
574
955
278
592
786
354
623
235
345
478
323
238
568
291
308
721
573
252
631
356
126
890
828
78
564
118
601
182
114
133
31
846
757
615
128
769
157
172
370
545
337
406
535
71
731
843
319
238
995
619
143
319
150
732
351
288
18
774
76
912
557
741
104
839
746
456
549
110
314
706
691
159
21
181
148
342
329
304
758
362
878
438
621
965
581
421
295
741
788
48
86
561
818
954
253
338
446
704
31
506
538
554
446
532
500
309
499
463
270
853
234
962
268
318
818
23
94
965
969
589
940
214
545
261
93
598
639
792
439
208
771
887
755
358
558
774
814
216
197
137
422
824
62
183
300
757
504
708
38
179
832
201
777
515
953
853
426
771
508
680
645
586
981
553
778
862
463
693
454
517
356
920
76
28
416
735
265
924
215
156
979
844
306
448
723
7
21
376
471
548
586
500
688
941
517
649
515
16
154
704
705
639
402
20
547
486
683
832
563
343
168
153
429
558
813
874
86
21
347
50
512
986
505
717
367
602
204
666
874
762
978
831
499
996
847
732
473
329
905
635
266
350
111
766
508
897
535
744
401
899
402
873
553
927
638
669
423
130
481
642
836
131
729
354
808
402
110
111
817
760
612
692
423
106
355
585
849
732
145
552
225
967
537
524
603
411
948
541
742
410
397
775
924
27
607
79
703
120
268
787
809
920
371
152
839
126
809
260
213
704
950
740
832
487
122
764
627
313
808
11
69
93
681
128
512
530
27
394
682
865
525
863
125
489
341
38
144
584
902
179
898
261
994
189
324
543
939
241
147
182
348
695
617
600
342
958
482
593
758
681
958
433
724
221
404
2
236
313
900
674
3
488
881
565
856
758
238
393
937
651
191
380
586
759
627
383
909
887
505
487
88
175
14
616
146
307
349
876
294
916
746
468
675
807
143
927
650
765
651
184
791
526
864
635
473
271
284
942
966
247
822
172
831
870
511
919
401
646
695
761
178
332
365
676
55
327
792
776
622
540
63
886
997
77
30
322
111
71
961
790
688
75
79
471
552
265
294
53
571
973
449
499
521
184
25
812
537
510
164
192
811
160
211
83
151
795
570
30
275
88
908
1
523
62
690
76
490
437
2
890
994
241
926
200
603
914
82
981
363
463
286
937
930
512
25
720
48
823
437
3
926
412
20
64
593
212
246
313
211
704
89
226
807
540
439
565
268
136
847
289
2
630
548
702
318
242
101
668
593
587
543
237
50
165
79
694
989
393
708
138
359
336
166
930
799
452
158
85
931
243
941
42
32
985
512
781
261
864
142
433
344
585
132
553
255
758
644
69
780
670
910
763
855
188
770
627
210
527
336
943
1
510
266
109
64
756
726
968
131
910
43
834
719
940
163
666
259
748
235
415
156
630
666
716
277
982
391
665
661
190
163
703
362
81
740
825
247
327
904
875
376
618
776
388
347
420
733
598
261
133
992
506
586
629
737
204
846
148
687
992
295
840
797
945
746
464
976
334
787
310
668
184
91
742
615
453
927
328
614
277
154
882
899
355
672
209
638
683
991
902
889
495
382
315
521
718
12
998
265
924
946
230
91
739
267
711
79
949
385
433
226
192
384
233
142
9
332
539
47
9
905
386
925
97
452
757
956
500
165
168
671
770
101
429
947
397
66
839
91
380
445
167
628
730
324
428
89
727
535
218
542
913
859
542
376
24
187
903
964
590
149
400
874
849
344
56
343
897
749
456
756
835
514
850
834
677
537
563
743
359
40
566
816
380
238
707
735
566
444
64
314
2
315
348
629
855
279
171
679
991
820
949
471
169
479
345
654
845
345
780
880
287
551
671
476
632
103
359
277
84
558
62
36
706
89
811
225
311
624
474
907
111
975
173
581
242
86
445
772
283
506
871
884
632
696
612
524
804
416
253
387
335
57
880
52
818
779
45
868
731
737
443
319
406
804
992
267
853
725
182
466
850
439
825
54
698
267
606
526
270
137
222
636
755
6
112
546
288
896
515
372
539
236
490
633
636
945
878
845
385
453
900
406
280
776
812
931
52
762
613
83
456
269
346
359
320
252
324
924
554
769
132
170
880
272
805
415
390
0
648
254
406
673
826
821
370
29
173
799
679
675
615
474
466
815
521
162
821
685
356
140
115
578
848
493
925
158
133
298
825
968
37
722
732
913
726
762
510
656
108
333
795
993
385
107
130
829
285
633
315
13
706
969
245
999
625
947
88
884
124
762
283
617
595
883
485
177
674
83
114
315
89
186
528
736
390
738
934
663
975
843
658
20
956
301
987
961
918
214
581
300
161
72
446
421
912
306
942
948
754
734
527
916
425
346
125
672
48
138
543
88
362
254
110
887
413
286
798
173
872
269
130
899
320
379
209
409
167
994
714
993
216
524
964
548
405
969
228
102
735
36
329
144
431
445
162
987
23
79
568
223
849
724
385
649
125
853
901
156
473
155
981
276
994
227
123
189
436
5
315
797
474
713
820
578
322
159
835
936
664
999
397
505
965
230
840
699
634
480
940
754
174
51
140
361
511
776
446
920
518
761
590
233
798
98
743
773
25
266
373
239
811
88
201
799
637
28
400
112
955
326
852
550
89
973
153
201
532
626
438
644
197
290
941
151
929
692
221
719
977
424
280
599
463
285
629
201
264
492
951
190
264
710
748
858
830
702
718
409
27
47
966
841
685
208
324
653
312
598
928
34
760
733
219
512
342
414
80
823
222
96
69
787
888
969
771
372
209
556
181
773
362
413
468
279
673
580
778
309
759
882
965
845
829
84
409
130
535
987
342
101
265
794
27
546
627
161
831
888
891
716
686
565
564
953
298
818
682
716
801
822
530
294
196
485
885
362
500
971
282
295
564
64
764
922
192
399
562
503
746
220
113
192
87
190
403
414
751
575
320
86
604
447
102
821
45
754
296
842
462
294
471
315
829
171
892
742
756
866
947
446
499
158
695
702
99
647
942
994
844
463
866
174
824
796
802
12
322
592
362
350
320
224
151
898
419
548
191
160
449
119
528
32
286
985
803
257
492
546
214
341
329
836
790
162
357
913
672
521
69
964
791
484
239
671
737
982
436
468
539
697
78
284
633
521
369
145
812
146
197
299
99
498
966
265
154
988
805
976
526
322
988
769
876
159
455
288
654
409
77
669
943
436
844
997
836
283
860
130
905
833
988
503
357
13
869
415
486
767
919
95
113
446
982
7
804
185
968
714
773
549
368
719
741
51
859
83
43
693
53
893
580
746
149
503
341
190
578
690
100
777
424
712
872
94
839
910
912
763
153
155
943
97
189
917
844
468
946
156
365
212
626
353
917
162
218
620
649
37
905
758
762
603
304
982
357
0
301
649
550
88
476
735
297
422
454
600
95
944
621
575
958
56
658
586
834
732
639
233
186
40
102
64
971
233
759
507
990
857
929
960
264
136
342
822
617
880
187
982
22
650
732
403
755
466
342
749
665
931
596
695
45
503
950
910
207
511
251
151
124
107
358
76
899
405
622
133
566
980
168
893
743
560
270
56
266
921
740
315
116
193
224
519
173
177
284
106
689
459
595
585
618
660
676
64
963
65
266
427
534
636
370
406
4
388
856
590
965
123
346
366
934
128
765
353
667
973
322
780
503
71
264
650
506
451
126
461
345
615
468
190
375
934
221
472
373
883
91
390
48
394
783
320
293
306
838
625
986
459
825
278
823
39
443
702
706
751
334
588
425
572
265
529
80
619
284
651
488
44
352
601
725
333
571
331
55
270
217
708
813
191
677
114
936
796
312
305
771
208
514
780
678
721
488
227
466
298
157
369
223
825
92
601
510
656
191
312
345
603
744
225
162
932
86
717
621
730
995
230
48
662
678
514
833
562
239
806
87
892
410
347
441
696
206
396
310
753
242
738
394
279
47
830
923
732
105
931
667
507
163
298
613
398
76
760
689
477
888
808
680
306
327
812
647
818
408
185
217
840
692
699
464
692
920
373
207
870
589
871
488
694
294
851
6
693
786
836
971
195
240
937
53
959
706
372
767
682
793
442
44
277
413
650
409
421
239
69
44
563
972
730
686
588
57
938
274
385
327
177
702
916
834
360
782
692
429
845
739
10
849
459
486
380
178
31
14
661
315
977
179
781
172
724
239
491
695
503
870
156
101
664
620
241
227
862
524
335
247
832
710
264
496
590
909
138
806
550
562
154
498
577
407
334
324
307
604
488
798
234
572
403
158
153
490
403
64
693
454
41
630
916
661
909
953
49
47
579
579
598
463
150
575
117
0
781
69
731
652
426
100
612
114
299
209
984
293
198
988
302
979
244
989
7
326
947
341
814
594
530
261
852
265
580
546
482
370
355
663
101
73
833
498
128
907
142
405
202
385
822
976
449
311
462
775
296
237
385
830
346
489
275
119
547
369
137
173
897
448
22
46
344
638
675
606
685
456
618
532
133
458
401
174
542
746
366
384
399
457
228
506
525
377
546
530
813
926
929
177
160
729
628
419
77
809
126
246
445
641
860
979
934
513
394
116
617
720
779
624
152
745
596
2
402
952
535
182
356
250
965
559
201
643
788
887
266
196
885
386
610
718
433
564
296
318
710
445
872
362
101
567
622
127
367
187
850
221
340
499
510
254
473
906
203
988
840
630
311
877
479
472
494
112
455
45
281
711
236
774
819
639
459
806
946
551
500
511
923
987
975
216
438
976
47
142
513
90
62
564
375
552
54
170
916
846
340
742
367
996
50
75
609
11
881
620
86
944
860
327
669
320
745
479
55
62
932
305
627
908
902
486
582
801
569
891
585
834
687
585
263
861
374
4
812
218
325
250
624
340
991
359
751
786
548
234
251
879
79
753
913
965
82
999
323
545
604
283
211
722
119
316
748
458
497
970
997
211
67
206
607
964
701
89
126
457
47
677
139
192
482
613
544
546
896
249
584
554
901
821
968
769
244
640
528
356
27
928
206
917
543
514
848
761
483
336
884
124
14
74
957
869
733
698
361
351
833
274
202
79
300
126
153
832
162
123
349
309
953
4
923
60
847
325
897
899
248
815
309
364
891
57
17
154
430
114
666
836
828
109
884
910
521
336
825
807
894
667
132
470
818
160
998
711
440
921
116
638
858
811
45
791
338
583
53
628
467
114
139
466
605
747
405
977
832
715
848
430
907
489
92
862
880
131
791
712
900
447
297
115
559
967
539
198
419
299
929
858
682
819
247
973
196
136
604
725
266
706
251
818
523
560
597
283
421
766
562
427
437
353
230
429
514
198
608
352
822
169
389
798
324
111
217
552
288
148
498
743
807
83
862
214
244
552
641
523
11
233
820
274
212
303
789
954
168
743
579
933
316
589
804
370
19
560
157
392
799
48
313
374
838
857
597
976
849
976
941
853
903
344
117
803
736
265
147
916
321
980
102
707
67
744
948
886
233
416
205
339
688
109
394
734
615
571
303
654
67
458
176
431
636
944
180
696
263
23
806
846
531
238
873
368
24
582
813
80
375
16
50
985
300
995
276
707
366
636
343
287
818
484
874
991
21
144
45
432
520
475
320
485
403
657
897
865
218
796
544
994
176
225
785
275
725
807
931
193
717
501
66
400
170
834
139
677
894
414
112
237
363
86
980
373
380
913
410
761
289
627
916
887
444
635
44
216
875
775
147
357
784
365
836
531
520
442
334
13
995
156
131
249
92
510
711
454
496
849
147
458
613
245
769
645
221
957
527
240
745
903
699
526
517
181
721
682
303
638
369
117
475
415
166
659
778
210
857
595
65
278
81
263
950
316
720
886
60
624
511
997
200
362
961
334
677
771
859
932
389
245
154
890
270
842
847
232
14
933
214
479
640
828
626
163
227
443
255
707
48
724
993
230
62
851
659
286
904
169
23
254
180
793
631
6
69
279
809
392
121
481
591
916
156
178
900
158
193
711
768
365
721
793
663
197
687
574
359
612
374
26
272
294
35
512
100
718
557
828
634
868
877
272
247
644
109
998
756
220
174
558
237
348
959
743
911
616
38
41
73
6
610
298
952
798
135
743
227
789
958
638
437
370
736
552
940
392
781
114
340
47
865
722
550
376
539
635
484
55
959
619
271
812
735
842
639
603
488
207
837
905
124
872
728
356
856
784
520
194
703
781
111
430
685
406
837
16
132
148
895
108
506
135
456
616
49
377
732
576
575
168
331
28
564
864
877
831
854
255
634
257
55
160
250
670
578
951
687
653
534
28
882
347
203
441
970
760
343
181
496
347
250
625
337
396
280
456
348
790
695
549
477
178
322
583
498
947
916
701
280
23
994
308
69
435
984
45
962
707
334
180
339
106
147
924
563
528
718
297
925
613
799
997
277
962
545
350
68
328
663
660
752
894
826
542
765
973
11
556
595
657
976
691
732
722
463
785
584
287
422
954
772
436
791
728
154
358
990
187
869
842
864
333
842
991
12
152
585
563
461
299
351
870
447
860
683
670
995
798
457
774
94
35
574
977
47
612
33
815
625
86
276
559
582
628
221
193
353
770
159
503
449
716
808
839
363
739
580
124
621
601
646
505
136
688
961
820
71
537
317
68
989
849
693
109
934
533
567
966
264
170
67
518
731
213
752
305
61
82
50
838
349
348
759
160
207
316
982
635
466
366
110
911
101
169
352
346
542
778
503
207
530
246
742
784
461
631
542
830
764
687
390
299
850
46
665
4
437
695
747
207
911
133
247
818
920
948
644
229
760
655
826
602
16
391
695
554
56
231
123
719
496
668
511
144
687
1
140
21
955
762
382
320
271
956
128
382
547
392
975
187
733
276
994
255
695
707
8
345
538
252
73
923
690
416
548
815
956
273
753
862
12
852
525
878
614
611
879
606
427
420
528
260
493
888
265
71
550
685
193
869
378
345
55
256
336
811
180
742
575
905
497
324
944
155
940
208
776
548
285
232
65
863
144
905
625
556
729
227
185
605
925
70
535
771
950
296
364
718
692
400
935
150
250
139
455
805
887
911
831
67
97
378
779
367
721
401
197
638
5
927
961
643
375
253
705
419
958
659
370
536
662
578
971
108
682
785
656
379
163
307
620
663
643
127
547
194
261
284
101
600
134
699
698
355
109
914
952
319
1
838
644
153
743
818
241
766
16
704
131
948
768
357
794
326
825
844
168
85
641
118
473
33
864
56
768
11
537
796
155
120
346
84
48
113
909
238
199
678
701
179
788
910
231
863
341
461
144
877
397
829
757
621
131
767
696
231
400
319
256
648
7
344
317
63
79
423
662
487
580
462
145
913
517
815
342
197
729
630
585
466
166
858
390
88
741
921
568
788
325
942
135
385
954
673
346
582
969
735
823
272
9
438
388
323
982
244
201
778
85
569
202
548
201
321
647
712
528
312
974
35
535
590
910
550
498
678
759
683
733
661
105
615
90
136
635
729
585
392
646
83
946
44
699
899
713
46
465
259
262
362
723
962
374
910
515
984
812
876
776
292
781
547
254
126
107
150
901
233
845
35
643
715
850
965
497
70
417
971
669
918
630
931
958
35
507
832
753
530
462
591
871
7
311
359
109
462
611
67
772
34
832
661
162
318
288
618
9
946
757
873
934
724
990
744
40
716
811
354
319
510
854
981
477
300
893
981
896
370
413
565
22
368
441
415
832
964
138
734
198
699
665
757
621
295
976
468
913
456
324
741
403
94
120
777
622
325
869
342
629
592
577
74
510
622
145
144
569
651
150
885
309
3
306
509
784
799
336
1
399
439
385
692
221
695
894
548
91
391
349
864
925
950
989
119
878
81
814
960
840
374
260
140
777
707
387
991
329
107
620
321
56
745
738
124
794
657
226
730
97
720
518
278
643
647
578
673
36
439
118
289
73
26
206
878
169
682
68
993
279
395
414
549
229
855
951
813
649
71
645
103
432
622
602
133
603
632
791
988
988
466
976
302
444
973
358
271
531
258
693
849
160
565
211
788
617
696
253
559
4
178
242
728
424
792
795
541
539
885
352
527
524
744
842
900
97
11
7
987
458
717
167
935
707
523
887
852
548
388
751
466
201
66
389
528
425
233
758
138
247
662
311
620
146
374
670
993
334
387
261
90
184
436
800
432
695
605
949
437
269
739
701
395
601
463
434
289
436
541
390
881
3
189
147
641
977
119
848
149
547
118
152
839
369
350
103
986
996
871
162
722
526
466
249
297
593
0
804
195
400
725
147
535
317
242
835
658
514
767
162
335
661
870
503
115
32
715
277
557
370
226
158
111
109
988
438
566
801
986
223
261
70
824
726
628
830
685
652
5
373
643
942
908
674
986
513
668
358
37
396
216
214
16
783
876
334
395
457
419
359
257
672
336
164
218
2
880
886
106
129
700
90
286
681
90
319
836
190
995
549
79
726
588
686
818
267
225
761
671
539
727
220
647
478
572
660
559
525
251
659
334
537
940
402
52
895
849
860
114
179
381
727
442
430
1
124
26
79
332
318
591
387
992
503
205
799
919
67
419
811
66
282
440
305
877
660
807
737
0
655
780
552
52
777
336
57
695
464
642
26
761
532
300
580
712
810
831
289
530
951
597
252
296
322
602
181
247
270
6
94
680
576
228
43
870
178
245
301
157
484
66
992
191
171
450
335
281
517
149
351
708
811
26
609
790
505
206
501
887
978
133
648
583
521
904
468
632
226
410
176
548
630
44
452
307
437
220
256
38
587
503
402
283
65
436
331
382
566
477
634
124
183
124
433
555
296
977
199
852
953
167
177
972
265
614
675
733
851
552
586
828
449
889
110
571
171
866
670
218
931
902
781
816
411
241
764
51
590
97
940
856
346
127
231
388
270
883
675
555
288
848
25
41
815
971
481
933
373
714
817
745
46
483
926
636
749
44
893
376
853
226
100
172
126
165
338
274
189
33
922
254
628
523
153
830
757
604
926
212
917
658
824
783
112
138
212
770
474
341
348
476
634
367
577
466
275
543
430
560
106
759
462
104
582
262
367
506
170
66
81
658
639
362
239
339
68
556
313
192
48
993
711
841
561
467
669
232
873
23
808
629
814
487
60
182
80
973
170
451
481
124
574
912
242
900
284
194
136
176
65
382
973
256
698
578
722
294
501
257
743
181
77
190
807
945
911
685
328
736
846
201
24
603
567
428
918
998
77
662
954
432
357
358
816
277
759
996
993
348
656
903
782
565
267
509
978
737
895
151
366
296
31
392
161
639
288
376
668
971
452
215
482
362
104
398
962
785
613
115
976
582
726
647
772
401
144
568
86
533
717
318
148
732
662
735
901
528
605
227
261
653
808
492
666
769
360
799
773
114
246
851
651
605
570
80
640
227
253
429
561
85
80
251
208
566
162
545
383
277
65
970
235
506
425
667
264
30
109
105
835
990
195
611
735
785
610
458
924
478
189
644
865
776
920
935
475
100
41
504
179
513
143
865
540
901
160
330
293
935
816
436
471
542
489
516
812
361
624
107
398
491
592
701
123
806
195
112
427
690
726
703
439
446
419
680
113
553
773
713
535
430
648
567
806
624
986
698
213
897
745
511
383
834
370
83
847
968
200
384
798
122
721
260
824
206
75
120
334
196
956
174
804
274
763
381
10
422
592
641
618
361
260
459
726
355
494
572
751
740
831
544
749
750
890
73
183
682
300
176
305
531
510
43
291
512
625
192
675
912
532
972
11
217
654
82
3
843
167
858
407
868
676
689
635
861
232
498
22
600
352
502
674
745
182
965
819
166
143
301
630
628
156
480
446
99
571
16
826
211
879
448
529
864
191
133
776
833
16
215
813
490
938
116
19
624
783
240
116
382
972
316
55
892
238
355
295
981
665
98
66
817
88
981
879
826
766
182
867
788
276
796
807
856
801
471
554
514
317
149
698
545
386
843
219
567
630
597
882
736
850
875
264
223
99
855
420
424
795
223
589
859
630
566
671
12
283
618
208
735
88
775
206
578
501
54
837
757
498
103
812
898
145
389
614
668
463
60
760
267
355
834
202
841
754
535
883
956
66
617
37
48
176
884
879
89
490
131
768
55
836
495
395
823
477
246
242
579
862
751
22
587
948
843
918
144
234
544
189
801
211
196
520
788
602
446
685
453
980
116
861
28
697
680
388
108
974
833
927
788
650
745
405
167
329
624
291
554
660
705
802
394
489
622
990
99
385
536
411
448
653
2
723
868
439
657
691
908
748
606
450
831
988
530
813
513
78
929
954
584
859
722
263
223
410
128
427
370
49
984
61
488
559
249
203
703
691
370
584
959
416
165
934
377
822
733
450
519
529
154
270
289
553
853
116
108
152
927
341
517
81
185
913
236
671
723
357
474
592
131
964
502
575
408
306
20
239
442
767
991
730
566
751
357
712
470
489
668
748
672
950
748
506
728
195
651
624
17
435
969
984
823
678
289
543
659
87
123
512
913
435
505
879
802
602
68
759
559
407
809
340
608
87
89
610
278
33
997
772
686
896
452
21
483
481
668
995
542
384
13
38
471
638
381
862
656
285
471
733
411
361
954
406
746
549
904
497
84
925
870
285
4
229
291
104
761
775
60
331
216
911
366
42
827
264
782
510
522
546
315
444
806
327
920
678
164
34
941
239
897
900
605
588
150
550
304
519
59
622
168
433
393
235
786
691
986
721
148
411
149
576
730
670
89
663
363
986
377
679
47
593
782
572
479
400
114
97
599
852
650
180
953
235
834
686
554
346
589
48
66
938
593
788
275
470
350
556
755
564
131
223
18
194
815
307
610
561
274
489
887
649
449
296
40
371
7
386
93
389
145
634
790
947
861
463
882
465
555
369
825
479
768
618
690
192
244
488
744
775
494
86
2
390
311
259
426
549
120
184
889
874
197
338
926
719
758
111
243
917
868
778
679
696
237
332
614
464
558
604
138
163
596
747
327
611
345
909
790
350
649
567
156
420
765
862
850
403
528
758
195
456
893
117
482
341
675
680
759
44
687
225
169
756
962
145
125
579
34
323
646
414
76
905
365
200
166
928
920
992
839
410
19
425
502
667
705
968
286
92
895
702
984
905
627
706
847
122
978
404
517
716
255
469
569
632
527
144
330
295
746
287
326
624
639
17
656
537
967
472
670
750
983
514
728
391
74
171
165
236
516
239
766
542
117
146
755
339
272
774
907
569
815
865
574
467
655
942
181
279
467
331
10
234
6
446
471
648
923
614
914
444
265
157
775
545
312
246
672
663
806
441
844
801
261
718
199
777
636
523
895
611
550
176
357
826
525
380
491
826
821
932
223
829
734
730
269
139
553
133
253
900
8
274
458
404
851
723
937
53
509
920
301
442
299
240
725
748
663
773
283
866
756
57
963
143
506
190
953
149
709
134
957
86
881
129
71
616
851
719
621
595
421
445
520
231
466
963
432
351
815
241
105
642
840
617
980
862
182
264
777
570
60
779
522
854
819
326
829
501
164
756
890
861
313
91
854
840
845
687
659
757
857
665
765
808
568
701
891
593
648
446
515
106
841
950
42
163
180
386
239
940
91
476
418
51
586
777
860
519
287
975
959
255
910
847
569
889
99
488
252
837
146
133
204
212
156
387
483
747
335
936
862
372
241
71
193
553
773
492
547
867
798
796
68
536
890
957
993
728
345
16
157
108
825
308
461
329
883
52
844
336
956
210
812
845
33
284
68
629
372
229
541
727
313
498
474
992
58
556
317
150
502
621
454
44
227
90
228
797
903
617
718
235
826
378
610
753
916
580
333
560
246
969
220
605
753
203
488
17
784
333
396
811
983
680
657
78
941
230
179
256
649
915
545
67
126
825
6
22
42
15
66
358
733
739
402
153
568
602
553
189
982
855
436
583
543
464
516
736
678
207
41
506
740
734
820
962
711
318
350
743
796
996
497
979
557
251
792
488
556
171
927
505
319
360
988
618
402
381
192
629
212
149
457
662
686
514
24
523
516
63
333
675
145
756
106
234
39
224
965
519
860
798
552
300
840
862
589
213
968
280
539
450
501
665
531
873
715
296
299
220
158
190
140
557
833
543
587
728
426
698
431
878
447
199
295
979
604
695
377
619
466
905
907
585
527
754
1
897
921
295
557
159
868
776
66
829
500
683
781
91
352
121
277
763
309
152
133
710
189
462
242
106
343
340
145
184
279
376
502
621
919
595
721
3
512
23
370
233
698
942
761
792
827
514
24
417
290
121
334
619
35
280
613
168
185
118
752
297
796
357
483
714
374
613
967
847
752
188
859
202
580
17
307
525
570
488
210
351
253
451
942
115
670
715
778
28
38
90
720
420
162
788
382
728
816
397
177
913
485
662
238
946
745
727
297
532
342
937
307
651
138
837
62
368
283
644
610
969
217
38
200
647
364
111
207
961
193
313
559
671
722
635
103
60
601
673
60
365
457
861
805
461
597
21
875
197
127
982
204
465
227
740
774
484
777
307
751
865
122
720
317
856
821
455
635
27
867
317
946
642
349
595
45
814
732
671
953
290
550
707
819
73
184
867
548
778
671
357
377
185
794
479
133
101
88
587
196
307
868
847
320
79
263
460
238
857
821
160
81
319
585
805
418
695
776
224
814
218
404
334
221
620
545
403
856
42
296
946
436
948
170
366
839
29
326
136
504
324
42
918
729
654
514
218
870
609
324
881
766
258
821
669
867
288
32
860
316
85
316
146
340
345
245
770
993
538
902
90
358
737
222
606
17
843
407
21
526
348
789
8
630
412
76
587
696
694
889
990
920
335
434
737
301
646
403
892
416
696
862
888
254
313
19
389
352
826
460
211
436
561
875
868
115
921
257
75
29
501
786
587
483
727
540
950
991
216
57
598
49
768
832
940
262
734
668
809
831
738
389
278
826
687
718
726
175
412
842
859
760
923
127
766
429
706
847
890
818
138
742
650
245
967
142
899
550
49
330
148
436
465
306
475
289
115
803
284
432
871
227
211
861
78
554
572
866
325
801
405
981
101
848
856
146
483
969
428
372
199
877
587
159
474
884
620
829
126
993
488
943
824
820
470
675
680
601
289
102
185
467
929
463
650
418
714
534
137
148
399
594
964
171
109
979
782
605
807
143
535
590
713
863
288
906
628
529
60
275
55
198
235
908
299
454
424
383
250
230
84
661
648
969
232
583
2
407
97
306
388
242
742
440
184
776
921
187
476
663
297
416
813
155
241
430
262
133
276
819
709
181
402
722
246
241
602
242
878
491
577
329
587
236
230
654
611
689
412
284
863
159
57
248
416
235
704
283
700
378
520
546
79
713
713
780
470
433
443
760
396
995
276
460
360
277
485
911
436
996
704
168
355
22
161
996
576
209
440
308
585
71
650
524
805
328
991
938
821
211
91
965
778
26
39
178
734
627
759
755
574
951
411
17
174
684
832
53
558
942
471
168
440
23
243
2
987
767
877
701
136
179
634
674
74
167
103
548
553
651
225
194
566
106
677
719
674
46
166
251
632
546
940
281
414
879
187
693
493
432
374
534
612
625
697
745
436
626
433
599
986
204
818
723
62
481
909
601
320
313
437
763
392
357
192
305
351
942
513
263
473
247
662
582
540
603
117
224
110
715
103
911
433
931
268
413
20
332
764
545
969
715
401
621
270
329
867
225
495
548
958
575
809
494
48
540
194
745
950
101
6
619
271
276
690
768
760
84
343
378
646
643
868
942
407
215
320
591
579
232
759
329
438
130
235
515
886
954
227
316
72
72
859
57
260
34
114
837
356
40
560
673
609
821
469
889
590
526
768
454
389
124
138
557
69
896
992
0
706
403
323
246
480
871
914
66
912
564
148
479
370
400
933
111
958
685
340
491
518
473
493
5
284
413
634
335
398
799
768
932
265
867
142
448
223
499
165
785
166
191
885
524
79
315
440
823
596
3
184
516
656
290
943
490
314
326
711
452
465
451
626
640
450
950
19
312
309
877
718
771
628
183
343
985
162
377
63
150
189
948
697
228
627
233
774
545
551
220
462
474
946
981
279
222
770
37
115
720
290
823
252
65
109
885
760
431
13
714
750
924
859
240
64
644
871
916
765
207
834
701
599
113
19
992
969
788
339
401
566
744
5
389
331
209
38
181
330
678
594
687
711
718
277
240
436
83
20
965
595
468
868
113
863
744
744
374
862
901
761
92
76
390
767
106
40
7
152
445
42
550
995
169
944
438
887
755
765
217
254
162
108
463
861
505
201
400
739
624
712
133
720
324
412
12
232
510
98
502
300
893
197
82
432
602
114
94
349
367
605
334
82
532
57
108
21
133
455
145
677
387
312
749
329
528
15
329
432
314
127
927
593
197
329
80
593
400
952
482
671
514
866
259
723
21
250
305
371
674
795
578
13
581
333
564
93
207
491
755
502
61
971
472
327
631
565
690
121
46
464
584
913
423
873
767
773
633
135
922
928
141
809
429
619
912
73
302
734
975
213
208
843
859
937
882
449
878
370
972
296
105
372
986
297
858
435
930
449
351
238
837
868
880
305
464
299
62
975
335
995
434
257
947
719
452
430
259
8
768
973
840
14
471
551
605
344
569
841
76
278
236
471
908
426
793
317
68
376
728
388
820
312
577
889
483
390
391
82
233
402
62
119
836
378
986
438
251
877
112
225
882
444
278
826
20
576
70
251
952
300
397
470
272
511
715
152
746
363
616
173
731
467
422
489
985
123
463
901
518
594
215
31
337
413
188
574
45
304
617
36
802
422
979
845
907
152
714
643
361
685
52
858
302
166
470
35
151
935
731
499
639
469
182
970
969
269
64
315
306
177
86
505
116
871
343
793
661
625
165
938
855
338
714
963
760
703
345
264
547
895
704
284
337
353
734
762
642
597
88
999
408
988
793
558
254
183
112
939
775
68
226
965
830
152
731
914
665
802
756
168
260
57
496
624
556
463
7
88
349
320
323
347
707
17
479
671
10
374
686
934
407
976
819
858
828
564
56
971
502
729
670
138
100
437
428
722
847
225
656
931
531
796
886
162
951
236
925
93
866
213
649
598
224
101
767
955
567
249
784
272
174
232
749
832
195
770
755
127
196
525
702
333
896
770
852
252
620
38
225
945
411
528
89
896
985
331
175
926
994
903
660
457
903
619
703
992
334
955
229
221
167
78
305
632
108
631
585
80
561
566
91
117
347
205
805
431
925
477
105
890
106
886
898
753
721
825
450
38
848
384
774
242
46
50
417
838
904
401
511
912
57
182
264
761
680
92
866
459
691
860
953
535
451
769
492
101
797
300
583
552
909
713
987
651
283
752
942
734
643
926
36
982
882
764
807
730
371
195
219
964
952
222
592
635
696
201
185
725
874
509
383
64
73
512
737
345
764
71
665
439
933
316
869
103
309
944
788
47
969
396
86
541
205
258
869
697
490
996
553
343
898
171
80
779
772
303
122
814
548
705
419
66
394
832
205
282
651
84
101
332
852
514
341
558
16
102
125
110
43
192
243
212
817
252
13
121
521
508
256
752
291
568
863
185
695
691
894
464
334
230
925
957
394
785
431
535
461
204
191
848
93
806
868
796
788
510
36
866
199
656
470
700
433
29
217
178
751
421
598
317
696
336
29
693
432
570
850
394
525
228
682
67
722
965
422
602
558
183
463
131
643
853
271
3
377
799
563
624
546
197
634
91
562
31
91
233
857
484
57
527
345
588
73
740
247
981
523
525
135
686
950
765
195
523
669
379
580
652
260
905
404
828
693
480
42
978
575
457
711
99
42
654
943
210
84
58
455
590
68
995
871
652
199
356
885
691
694
378
808
954
622
92
854
730
961
451
198
939
370
971
921
669
727
168
559
855
588
827
996
479
520
82
65
221
204
903
534
68
565
945
28
890
548
130
991
617
709
107
750
159
744
176
23
19
508
933
306
229
943
571
577
357
207
963
682
860
868
691
360
246
531
621
502
555
603
747
957
203
261
928
892
842
770
808
35
720
181
660
372
542
811
69
99
550
825
443
420
2
255
542
226
175
364
808
248
947
671
425
482
901
569
626
50
332
353
974
346
988
586
647
410
511
753
758
488
648
369
930
754
39
685
650
869
766
384
448
870
760
904
894
801
318
151
10
359
436
723
967
511
495
364
396
977
407
348
2
618
376
273
172
402
355
25
345
695
820
488
938
402
981
278
841
53
370
699
393
177
533
450
143
802
888
37
123
29
98
4
900
107
129
165
900
966
147
52
514
678
435
189
201
90
390
768
789
252
396
545
695
279
17
99
238
957
279
418
362
534
987
583
42
484
221
691
672
677
447
252
310
757
708
31
887
103
750
207
151
260
575
610
287
611
606
451
217
752
304
873
739
697
415
706
326
932
698
579
930
296
201
232
563
802
477
766
974
225
966
618
293
772
467
106
885
852
489
884
313
15
501
908
965
5
630
648
101
541
411
21
458
593
195
121
26
625
288
311
815
132
165
731
273
483
24
731
927
577
157
432
862
394
882
869
246
692
36
619
482
870
177
812
610
726
301
7
269
912
635
895
615
833
554
624
870
617
250
592
345
635
364
648
600
2
469
108
563
372
707
11
565
287
864
304
304
246
9
202
834
825
474
158
902
603
898
574
840
74
18
562
499
519
252
293
64
337
169
159
923
716
708
519
622
676
184
720
297
158
914
238
77
766
633
552
88
712
72
671
164
659
7
481
395
172
758
553
989
529
40
7
806
346
862
792
997
175
698
467
524
576
876
350
168
428
857
750
912
355
14
244
133
223
527
163
844
726
905
338
833
251
919
540
524
929
535
162
316
708
493
105
517
210
476
615
673
639
258
609
413
268
398
565
723
58
741
219
864
240
931
359
286
734
563
893
619
326
62
888
367
209
551
294
628
835
293
429
687
650
260
657
33
325
377
367
658
196
127
18
617
383
570
447
821
298
910
740
800
342
237
800
539
631
610
961
48
280
511
807
322
950
544
942
874
45
18
101
617
730
105
332
56
849
401
570
429
585
2
145
342
954
158
772
790
54
909
583
697
597
666
41
749
677
837
545
891
987
805
326
108
754
81
470
612
632
15
352
268
340
696
150
287
983
910
397
994
67
995
138
560
426
558
467
312
119
715
363
123
700
110
381
495
615
937
522
301
470
458
390
520
46
897
3
882
340
20
514
56
742
654
8
804
832
436
493
387
471
962
104
660
158
240
587
144
454
143
930
916
388
165
922
226
31
209
404
544
437
775
917
295
81
408
854
371
126
549
41
620
393
883
768
824
383
809
510
635
245
580
410
353
801
720
377
511
912
504
230
447
170
723
820
917
320
12
350
269
294
452
157
777
366
541
676
298
21
328
43
888
774
232
532
560
934
29
374
723
815
394
5
171
966
16
704
700
3
809
558
487
678
11
846
60
871
112
805
721
513
74
783
416
512
698
446
631
201
853
152
778
34
262
796
804
286
894
768
861
326
473
374
712
518
192
806
412
649
379
437
227
358
499
476
835
892
124
403
410
668
477
938
821
268
867
593
131
948
914
269
535
910
534
584
806
424
556
127
585
885
210
539
95
468
665
660
288
40
860
301
733
450
885
353
745
246
538
774
873
966
839
600
448
377
721
682
697
210
889
508
787
22
897
877
269
706
737
272
288
398
90
838
513
863
27
832
830
290
641
297
32
505
473
870
287
580
161
375
414
782
480
982
763
671
817
889
969
946
526
258
261
172
448
651
436
592
704
501
848
650
662
654
185
733
917
962
698
261
508
416
447
697
575
379
848
10
981
226
278
574
674
680
623
458
964
873
660
471
371
426
532
786
332
847
555
399
153
414
835
870
304
155
670
466
672
960
314
171
210
95
991
979
207
90
153
818
241
268
534
930
886
164
164
936
191
59
628
174
209
913
303
422
898
702
75
5
485
16
198
343
262
466
668
932
650
262
621
62
39
563
451
859
865
318
253
842
324
498
574
436
975
921
771
306
107
884
984
25
306
93
311
680
9
415
397
290
42
846
467
109
271
672
773
674
50
366
298
885
146
819
778
643
585
224
77
229
91
809
91
296
469
647
97
879
19
989
701
79
923
705
643
92
911
607
875
105
93
346
999
803
377
822
446
810
999
811
867
77
562
634
171
32
911
558
984
199
365
333
799
723
857
883
9
7
241
903
579
533
226
45
380
450
943
589
284
318
692
947
286
616
647
558
239
456
280
175
684
592
334
907
713
474
993
311
805
258
835
415
45
690
513
760
200
529
869
640
976
219
72
848
361
900
869
163
445
311
473
873
642
218
712
467
131
471
943
118
690
278
895
40
62
831
231
461
232
967
427
825
880
589
179
938
419
384
914
39
413
557
125
690
659
773
283
396
208
429
292
626
462
802
33
171
299
171
461
146
451
364
242
870
698
855
804
864
263
533
552
949
568
166
66
993
415
176
424
137
201
868
233
859
728
688
582
235
19
980
397
598
136
896
977
936
161
691
284
301
912
243
320
173
114
545
922
410
475
204
802
376
146
261
4
248
105
514
890
763
706
788
670
119
136
228
299
191
713
230
797
483
357
153
367
322
618
539
552
665
39
168
187
731
865
980
15
893
181
659
208
859
388
331
624
148
418
231
475
638
479
341
744
24
640
840
355
127
887
622
982
544
741
814
774
199
511
501
24
642
20
604
38
364
483
870
261
806
88
551
158
371
159
337
539
713
192
208
398
459
431
512
842
979
415
84
687
547
137
455
857
261
731
581
494
312
744
800
144
269
736
725
423
768
953
193
960
289
235
935
341
415
560
130
392
54
555
373
878
809
999
97
658
746
882
62
444
319
578
77
198
767
523
19
524
673
961
538
201
610
823
429
401
558
947
429
846
684
711
699
286
425
17
124
691
277
577
304
218
254
607
866
595
167
280
709
607
136
903
163
550
327
863
797
552
879
463
173
266
15
738
837
748
938
710
720
279
797
954
570
710
40
243
86
11
382
615
490
697
571
79
866
327
30
252
992
648
974
902
162
557
159
584
884
173
719
455
867
455
12
143
974
211
649
345
991
31
896
348
807
714
611
554
905
977
953
478
236
510
369
358
713
567
717
580
6
422
850
712
253
789
873
162
506
619
278
690
117
378
385
318
729
639
376
952
775
20
629
461
936
907
463
508
33
377
780
644
585
236
257
5
417
931
863
24
887
751
371
54
779
342
854
962
707
761
233
80
75
888
161
942
531
305
96
362
164
450
742
890
548
998
591
345
904
294
444
731
564
405
776
668
181
739
102
918
664
932
737
972
167
822
401
628
411
2
685
682
888
516
316
374
983
574
283
983
888
983
98
556
93
819
866
730
427
610
785
172
955
568
854
702
765
427
109
133
950
685
861
664
620
231
171
194
918
873
281
405
536
212
259
202
926
885
96
66
163
902
177
253
290
446
846
258
768
421
764
728
290
635
384
774
967
171
959
804
779
443
829
165
718
311
984
973
278
365
883
200
109
83
985
728
640
780
745
266
330
729
39
129
922
14
534
434
159
103
912
993
606
396
88
772
564
865
712
195
738
107
891
462
399
917
858
175
201
827
992
588
236
162
61
672
821
792
40
349
269
712
558
47
113
571
311
95
153
610
940
565
4
536
968
278
450
857
286
56
537
470
334
341
13
746
621
308
3
60
629
598
229
672
88
868
753
287
748
61
794
351
638
69
314
668
186
155
70
986
823
100
529
32
305
447
963
275
654
602
831
983
45
35
885
830
25
871
98
94
971
673
594
297
164
699
177
74
784
87
50
980
752
762
984
572
560
855
436
639
993
596
3
583
248
178
758
483
501
121
307
991
939
330
979
756
391
93
316
144
5
860
904
692
575
68
374
849
436
760
165
449
364
136
391
810
833
108
969
343
947
20
285
332
781
929
201
608
895
643
809
232
621
61
491
124
713
632
635
680
307
924
215
882
874
106
381
959
64
487
326
290
655
233
648
885
133
762
928
338
211
525
782
554
336
939
964
630
23
153
792
615
451
245
30
28
467
192
881
559
139
824
125
379
547
703
700
963
743
657
641
173
932
710
772
644
439
550
780
735
499
393
60
0
162
419
874
0
871
148
871
68
794
638
927
892
513
636
408
139
842
219
231
91
322
764
590
464
647
393
364
954
785
779
95
70
731
889
810
4
953
763
182
776
465
537
267
925
957
54
477
887
983
791
96
726
227
852
642
611
34
108
221
779
203
540
358
517
593
744
800
258
934
763
494
690
72
25
125
344
493
11
11
845
250
461
617
271
621
345
494
859
279
863
583
694
879
918
315
146
894
686
301
855
96
682
42
827
66
9
969
773
666
614
462
625
783
323
732
971
849
37
421
171
242
560
927
398
71
803
732
272
489
866
484
302
815
521
232
851
657
962
968
616
284
300
878
543
869
476
839
966
814
126
475
779
817
845
836
996
155
706
28
897
815
205
4
460
202
365
662
850
768
670
495
986
549
605
6
959
147
367
501
96
783
649
433
203
996
752
528
838
132
316
764
169
160
817
36
239
530
56
116
121
892
559
72
949
498
216
869
600
245
864
175
896
874
736
674
719
583
840
917
190
175
55
587
409
284
436
347
883
913
344
144
597
693
122
969
826
110
127
796
982
237
322
44
64
985
297
790
107
106
523
517
920
364
865
864
835
85
316
534
384
351
502
372
926
779
593
995
880
411
248
193
765
756
711
354
242
309
828
861
915
306
401
953
770
357
163
674
529
642
802
903
865
631
457
543
976
715
922
293
197
436
389
886
578
295
657
807
398
158
403
64
698
955
81
952
382
303
168
126
805
348
549
60
735
446
319
9
880
60
455
873
537
862
522
114
816
144
657
265
254
947
284
794
902
465
20
431
167
71
704
502
195
669
109
144
384
730
402
227
719
240
24
325
468
69
635
925
273
421
418
185
672
85
272
341
804
477
926
480
543
211
629
665
269
754
461
868
883
330
511
891
605
175
989
207
597
213
97
328
264
889
262
946
735
92
273
509
198
270
162
505
476
863
728
547
660
538
418
406
218
712
631
989
290
534
873
537
509
834
754
522
625
971
697
108
80
376
856
267
234
194
782
211
207
898
16
780
441
717
346
712
813
986
366
507
699
137
879
667
691
995
313
419
660
439
662
938
489
377
540
78
352
834
276
982
881
41
667
739
302
597
53
839
618
343
993
775
39
728
19
141
655
809
532
531
856
679
798
54
572
618
29
40
170
668
923
113
726
770
625
317
945
68
126
129
297
352
680
671
56
427
69
4
19
524
43
491
902
858
969
894
744
656
563
371
274
66
888
22
202
79
65
260
235
777
125
537
786
171
357
788
456
236
332
973
896
523
444
175
44
113
239
187
610
359
777
518
457
229
650
163
48
633
444
958
364
143
438
40
772
722
407
864
238
375
136
94
94
552
727
633
908
154
785
480
572
458
455
622
991
104
503
176
845
344
122
192
515
700
803
622
641
316
615
741
197
237
870
928
662
193
480
203
994
521
690
894
732
14
517
649
437
135
627
327
655
165
837
837
343
733
988
531
261
586
693
634
951
321
383
683
246
822
470
665
824
569
736
269
19
257
449
165
1
94
578
922
652
949
378
257
186
869
649
184
657
315
717
656
430
163
771
327
880
583
593
325
484
659
953
771
393
41
977
837
833
145
917
950
139
344
476
973
142
254
701
892
592
490
453
903
421
787
986
189
204
232
713
368
279
897
436
50
171
135
521
758
287
202
633
447
813
526
901
487
316
822
482
17
648
350
567
402
179
678
43
928
568
68
401
702
625
51
250
633
912
277
290
410
545
761
146
176
812
824
31
607
258
261
929
743
438
104
565
994
282
380
895
298
666
779
230
588
806
432
107
831
146
701
762
587
425
329
744
146
946
195
801
22
498
372
296
605
532
962
466
55
976
434
726
477
629
813
634
5
751
327
793
204
563
319
768
76
788
70
556
579
690
661
929
973
252
262
815
99
376
551
158
425
348
499
80
300
251
947
56
491
865
372
499
497
138
617
509
742
72
40
787
321
207
368
92
563
66
171
156
172
750
443
351
132
319
251
308
